1111111111 - 111

11111111 a 11111 111· 11 11 1111111, 111111 111111 11111111111111
§olari potrebbe 111 1111111111 11111 angione della 1111111
1111111111 1 questi 11111111 11111111 111111111111111 tempi
1111 111111 1 11111111 1111111111 11111111 1111111111 11 111-
11111ς 1 11 bene 11 1111111111111111111111111111111- >
giunzione di 8111111111 Sole, 11 111111 1111111111 dare
11 111111111 1111 non 1111111111 ohe 1111111111111111111
giomi, 1 siano 11111111, 1111 1111111111 11111 1118111,
di 1111111111 111111111 11111 11 (1111111.

111 1 stato 11111111 111-1111111111 1111111111-
111111111 11111·111Ι’1111;·1 1111111 V. S. 11111111 11111111
1111 11 modo 11 111111 1111111111 (1), 11 111 11111 1111 111
11111111111111 11111 111111,·11111111, 11 1111111111 11111
1111111111, 1 11 11111 11111ι 111 11111111 1111111111
1111111111111111, 1111111 11111 11111111111111111111111111,
over 111111 111111 1111111111 1 11111111 11111111, 11111
1111111111111111111 11 11111 111 111111111,111’11111111
111111 01111111 111 111111111111111111111111 1111111111
111111· 1 111111 11111111,1111 1111111111 1111111 1111111111
111111 11111 111111 111 1111. ’ ’· .

(1111111 1111111 1111 11111 11111111111111111111111 111
11111911111111111,1111111111 111111 1 111111 111111,·1
1111111· [1111111111111111111111,1111111 1111111111· ·
11111111111131 ’

11) 11 111 11111 11111 111111 11111 1111111111 111 11 11111111.

 

