iiii imm A emmo

0313301300, 0 131 desiderio 10113 333 3331130310 3300003333
00333 11 10101 11033111, 3110 0113 30003 01011011 0031033300
13 10113 13 0113 suu: 0003111 130031331, 30110 01000010
1000 3031 31303311 3013110010 0301031 10110000003310, 0
111010330010100311100 0100001 100010 e delia 033
303 00103 come 10030 0013300 030001031311,3033311101130100
10 03010 13 00001331030 11 quei collegio, 31 03310 0113 000·
10333 13310 3110113. 10οὸ 313110 mani 31111010 0 0100003011
Dio 0333130110 comparit ia 111333311011 30101011 1013-
010, 030031310 0310330 3110031113310001 30033 0110101010 1
13101, 31 03011, 33130 3 0003330 333 3013 intelligenti 303
013310, 303 1300113 3031301311301130133000 3110113 0330-
113113 000 13 300 111033 0000 13 veriti: 1303100 000000310

11 30300 1000, 3111330033 101 011310 0110 30030110 0100111013
103310, quando 10 10330 30300030013 100310 10111100, 1301

3031313033 11 3310303100 13 0301330 od 11 0010. 1130030113
000031010 13111000331030 10113000033010 100313 i· 011033 30-
3030111 11 3310031331 000103 11 1000, 001003 0001 1300 31 330-

10301311 101; 3100 1000 0330 11300033331011 0000 3030011
00311103133 101100011331103, 130003 03033 30310011 101, 13-
13130310 311313 301100000, 0113, 3000003110 11 30130101 Ge·
30113, 001003 3010 1031100 000 11030031100 313301000310 10-
13013, 303 013003031011131 31103 3011313 0100 1000113 0100
0311 300031 13110 303 Libra, 30110 03310 0113 331 3301031-
1010 1301 3000010 003310 i 03333, 030 00οΙ 0101 0 03030 3100
10 33000001. Mi 0300 3100110101 0030030 003 questa 313-
31000 3 3110310031 meno 3100 310 003011011ος 00130001 0331 303-
1033330 03300 10000 3110113 01300313, 0031 01100311130331030
1333 00νο00333, 0 11303 30330300 0113 0000013 111003 (1).

(1011313030 031 3100 100100301111311133 1031003300 00010033 10113
333 invincibile 331333, 13330 3100 31100033 10113 0311110331003 1018000101313
001131 affidasse 30113 003013 di Urbano 1111, 331 quei 11330013, 10113 0100 ri·

00113 31 Gemini, 11 10113310,133331011101 0131300Ιί 0110033003 1130311031, 0
1311300333 11 (1311100 0000030303, 1331030οο33 33 113310 11 130111301311 ei
0001013111 0301033310311, 10 0101 11300 030310 033100 11 300 3131 03011313 immm-

 

