. 1111111111 1111111110

1111111111) lusum

Ρ1111, 11 Aprile 1610 (1)

1 A 111111 )

lo 11111111 111 1111111 oon 1111 1 11111 11111111 111 (1111111111 11 1111111111
sicima, 1 gli 1111111 1’11111111111111111111, 111111111111111111111
6111111 1111111111 in detto 111111 11 1111111111 111 1111 11111111.

1111111 11 1111111111111111111 111111111 11 111111

“ 1 1111111111111111 1Ρ11111111111111,1111 111 11111111

1111111111111 1111111111111 11 11. S. 111 1111111111111111111
me 11 cresce il desiderio, quanto 111 1111111111 11111111
111 felicissimo 1111111 1111111. Delli quali 11111111 1111-
111111 Nuntius 81111111 (1)111111111111111111111111111 11111-
11111111 (3) 11 111111111111 1111111,1111111111111 11111111
11 questi ambasciatori 1 111111111111111111111111111111·
1111 11 qua 111 11111111111111111111111111111111111111111
111111111ιὶοηί 11 V. S. 1111111111 111111111111 11111 di
1111111 11111111 11111 (1) 111 111111111111111111.

11 mi 11111111111111111111 a desinare 111 8111111 Am·
1111111111 11 811111, 111111 1111111111 (1)111111111111
111111111111 111 11 quei libri, 1111111111 molti 11111111
11111111 11 quello. 11 sig. 1111111111111 mi 11111111 111111
11111111 11 V. S. 11 gli 1111111 quello 11111111, 111 111
1111111111. S. merita. Mi disse 1111 111111 1111111 1111111111
111 111111111111111111111 libro, 11 come credo 111 abbia

’ (1)111111111.- 11811111.. Par. 111, Τ. 7, 1111111111.

(1111 importante, 111 111111 11111111111111111111111111 11111111111111,
11 1111111111 11 1111111811111111 1111111111 11 venezia 11 11) 111111 11111
111111 11111111 e 11 1111 11111 1111111 11111111111 11 (11111111 (1111111 11.

(1111 11111 1111111111.

(1) 111 111 11111, 1111 11 11111111111 1111111111 11 (1111111.

(5) 1111 11111111 1111111 luogo 11 1111111 111 innanzi.

 

