11110110 1 0111100

111010ιὸ 11101110 1111111011 (1)

1101100011, 1 61110110 1616 (2)
(Α Romo)

11101110 0111 0001101100 (1011001010ηο (0001010100. 0111011110 onim fur·
0100011000 deii· {odico ii 5 110110 milonio. 001110 0110 ἱ hunnici,
1000101010010 1010111011, 1101111100 roei-mm 0011111 nir 00110οη1010 010·
minoio e 1110111110 10 0111110.

1010100110οἰ atlanteo 111 V. S.. 000 moi 0111010010
1011110, 1100011111010 1101111111 1100011111 110οο1111 100101,
10010 ciro ii professori 1111010010 0000001100111001001010
donno, 00 000 01 0100011 di 111 manifeste 101010 00100010
011 1100001010. ii 0010110 11000001110110 11 010010 110’ 5000-
riori sio 11011 0010111, peroio 0010011011 101111100010110-
01010 000111 001010 11010101010 10 00111, 001 0110 1000 io·
1010101110 10 0011001 tuito, 0 0110001101 01011011 110110 0011011,
11 11010 procurare 001 00οἰ 10οι10010 vongo 11 00000 1111010
0 1100111 11000 1011010 01110 101010 10 01111; 0 011010 0110111
beno, 00111 manifestumne 110111 0101ιί111 0001 1011011110
110001001101011110001 memoriale 1101 0101011011 0010011011
1011111011. ii 10010 11010110 aiio prudenza di V. 1, 0110 00010
0100001ιο 11 Divino Maeotii doni 000100010010.

P. S. (3) Α mo 001 1001110010, ooo ogni 01010010, 111
11111111 ii signori 0110 0011010100 11 110010, 0110 0010100110
0010100 001101111111110 111 10 0010010 0 io 10Ιὶ11000, 01000

(11111 0000101010010 10011100, 11100010 0 0010001100 0000101100 00110110
111001 0011100110117 111110 iiii, 110 001 110011010 0 011. 111 0 ”uo 0
10110 (3010001 10 1011011 1101 1101111110 1117, 011010111οω0 0111 1001011.

(1) 10011111- MSS. (101.. Por. 1, Tom. 7, 101001111.

(1) Queri· 000011110 111 001011010110110110111011, 1110 10011 10110101111000,
0 10 00 001111100 00001110, 10011110 10110 1 01110 0 00101110 100110 0110 per
000110 110111 00111, 00110 0111110 10 0100100Ιί compromissioni 0110 11111110 m
00110111 00011011110110100 001010 001 111001011 1110011011.

 

