11110 1111 111

male 11111, e 111 senon 111 111 111 11 11111111 11 cose
11 11111 11111111 1111111111, 11 11111111 malm 111 111-
11111 111 111111 11111111 1111111111111,11111ὀ,11111 1111
111111, 11111 1111 1111111 11 1111111 111 (111 luogo 11111-
11111111 1111111111 (1),1 1111111111 11111 1111 1111111111
111 11 11111111 1111111 1111111, 111111“111111111111111111
1111111111 111111 me: 1111111 miserim 1111 111 11 111
1111111 1Ι 111 luci 111111 nona 1111111111111 11111111-
tenemento 1111111 111111 111 11111111 da 111, 1 111 1111-
1111111111111111111111111111 11 1111, 11 111111 dice
111 11 ’111111 quello 11111 1111111, 1 111 1111111111, 1111-
111 1111111111, 111 11111111 111 11 11111111, 11111111 1
111111111111111111111 1111, 111 11 pagato 1111 111111
11111111 111111111111111111 1111111111 1111111111 1111
111 111 1111 11 1111111111 1 11111. Se 111 11111111 1111 111
11111111, 111111111111, 11111111 111 1111111111 111·
111111 1 11111111, 111111 111 11 11 1111111111,11·1111111 ·
mmo 1111111 111 1111 1111111111111111111111111

11 111111111111111111111, 111111111111111, 1111111 11111
1111111111 (1). ²·
111-,11 1111 mora ιι ang. 1111 ne 1111111111
1111111. 111111 11111111 111. 11111111111111 111· 11111111
11 1111111.- ⁵ · .

Ιιι
1’“.·1

11)·11Μ1 111 1111111 1111 1· 1111 pom 1111111111 11 1111111111, 111-
11111 dl 11111111μΙ 11111 1111111, 1 11111 1111111111 11 11 1111111111,

’(111111111111111111111, 111111 11 qualo 11111111 11 1111111111 1111111
, mul, qmmn'm emim mgna 11111111, 11111 1111111 11111
W· 11111 111111 11111 1111111111, 11111111111111 1111111 111 opere
ι’ 11111111 111111 11 1111 11 uem 1 pag. 111 11111 111 seona 11111 1111-
“must 1111111111 11111 111111111 11 1111111111 prim 11 (1111111,
1111111 111 11 1111111 11111111 111111 pron, 11 11111 111111 111 questi
1111 11111111 1111 menzione 1111111111111111, 11 1111 1111111 111 111-
11111 111111111111 111101111111. ΙΙ 1111111 1111111111 1111111111 111111 111-
mum 111111 1111111111 1 11111111 di 111111111111.

...Φ-

 

