LETTERE 1111111110

11111111 cass (1)
111 Roma, 23 1111111611 (2)

(1111011101

' Pntla 11111111111111 1111111111111111111111 11111111 1111111111 111
Pom 1111111 11 111111 pubblicum 111 8111 11111111 1111111 8111111.-
Sebbme 111111111111111 11111 1111111111,111111111 voluto 1111 tn·
1111 quem 1111111 del 1111111 1111111111 11111111111111111 unni,
siccome 111111 1111 1111 11 nuo 111111ςί1 oon Ι6111111, dte 1111111, om
11111111111111111111,11111111101111111111111111111111111111 11

111111 1111111111 11 11111111111111111111, 1 1111111111111111111111,
1111111111111 11111111111111111 ques 111 1111 quui 1111111111 lcum,
111111111111111111 111 11181. Palatini, 11111 8111111111 1111111111, 111
111111, 111 (1111111111111π11111111111111111 111111111111111111111

81111111 11 gratissima 11 V. S. 1111 1111111111 nuova
della 111 111111111111, 11111111 111111111111111111111-
1111 111 11111111 1111111 11111111111111, 1111, como 11111
(1111111111111 1 11111111 1111,11111111111111 non 1111.

111 1111111111111111 11111 11 1111111111 111111 11111
assertioni lunari (3), quali 11 bene 11111111111111111111
11111111 non 1 se non bene 1111111111111111111111111111·
11, 1 1111111111 11111 troppo 11111111. 8111111111 11 sig. 11-
111111 111111111111 111 discorso 1111111111 11 11111111
1 non 111111 111111111111111 1111111111 1111111111111
11111111111 11’ 1111111 11111111 fuori, 1111111 111111 11111·
11111 11111111 11111111, 11 1111 111111 ha 11111111111111-
cede 111111111111111111111 e 11111111,111111111 1111111111

(11111111111111 1 1 111. 177 111 111111.

(i) 1111111-1188. 1111, Par. 111. 11, 1111111111.

(1) 1111111 1111 1111111111 11 1111111 1 1111111111 (1111111111 1111111
11 11111111 111111.

(1) 1111111111 11 1111111 11 11111111 (1111111111 1 (1111111111 intorno
11 Luna, 11111111 nel 111111 suo libro 111 Phaenomenis m Orbe 11111111
n ’11111 buon· 11111111 11 11111111. 11111 111111 11111111111111111111111
11111111111111111111111101111.1111111111111 nou 111111 1 m. m
111 ’11111 1 11 11111101111111.

 

