134 1611111111 A anlbno

6161116116 mi 1666 1’ 6666 11161116 sna-naen& (111 61 6116
n' bn 1611116 1 666111 66116, 1161666 61 6 6111616661 16 16116
questa 66111611 61 16116 666 1111611.

¹ 611 16 11666 16 ,6116 vin 666116 1116661116, 666 voglio
6616161111661 11166 1616 un 1111616 maggior 6611611666
.1116611, quando 1611616611 notor spondere abbegrnmnnte.
81116 poi 166661666666 166 6616666 661161111161111116
6616161 qualche 11116 6611616 1161116,616111666111 66611-
66116 16166 6661116661 nnn proposito 61 6666616111611
mondo. E 1611616 111616 1 V. S. 16 6161166666 consignet
11611661, 6116 611 b 11111116 6116616161166616116611161-
16111 616116.

(11 166111 11 6166666616 1611611 661 1111161 661 111 settembre.

-Ou—

111 1616111116 11611116 (11

116 11116111, 66 6111161616 1611 (1)

“ (1111116616)

Si 66616 bella 161 1666616111 dine 61 616616 occupato 666 1111 Ptolo in
661611616 16 1111 61 Venere, 6 16 1116111 1 6666111116 16 1111 66111166 1111
Moto. 6116 aa· spxnlaziom De'n ⁶1⁰ 1161616 11611616.

11611661 Antonini (3) 61666 6116 661 611616 nib 16116·
, 6611 61 quello 6116 11161616 11111, 6616116 666 66 1611616111
6116 abbiamo 11111 661116661611166661661661631111 616111

(6111161366116111616116 8611111, 1661616 66111 6666611161 61 Venn-
111, 6666161166 61 1111 Panlo 811111. m discobolo 61 11111166, 11 66116 sabb
66111616 6 61166 1116116, 66616 66 11666 6111111 16111616611611 16 1116116 161·
1616 1661616666, 6116 61 1116166666.1116.1.11161 66 111 111611111111 1111.

(1) 1666111. - 1168. 611.. Pur. Vl, T. 1, 161611111. -11131111611 11-
bibino 11 6666111116 11 16111, 66616 nort· 1· 1616111116, 611 166111 1111111116 ⁸

1111611611.

(1161111116 66166111666166, 1661116 61 6111166, 6116 1111111111 111611

66116 11116616. 6 66166116 11166161 11111116 111 nono.

 

