’0111110 1611 ’ ³31

00000000 eunom (1)

Da 110000, 8 1110000100 161111)
[A [1111111111

lo 000100 de! 00010110000ήο0 in 1100οι0.

1100011010 000 00101, 000011 01100100οι10000,1οιο000 0
0010100 V. 1., vongo 0000011110 100011 0010 000100 0010001οι10
10 010010110001001000 0000111, 0 (1010000001) 000.

n 0100010 000 ὁ 01010 1010100010 0000000, 000010 00010
0100010 000 00011100 solamente 00110 00010000 (11 viterbo:
1 100 vom 01* 0110 01 0100011 000 0100011110· 0000000οι0-
1000 1100001100, vento, 10001 0 101001, Ι010 00 00000000
10 0011000010, 0 100011 11 01010 01 0000000000, 00110001
0 000 10 0100000 0000000 010 10000011οι011000110οιιςιο0
000 grath 111)10 0000.οι010010 00100 01 00010 ιο10010.
1001 du! 000100 010000 01011101, 010 10 110000οι0 0 1.’1.,0
abbiano 0000 001 Tovem, 00110 1000000,10101010 1000100
1101100010 0001000 ιιι) 0000ιο 000110 001110 000000111ιο ιιι 10
0101000 101 10000 00 001100 000110 1010201000, 000 ml 10 001-
000100 di 000110 101 (1000111ηο00 10 Venetia. Non 10 000
00000010001010·’0100100οι10 10011000, 00οι· 0110 00, 001οι 0 ,
1οι 010010000 01 010. Principe 11001 ma 00ιὸ 10 00001100 01000-
rami (110101001000 000 000 000 101100010000100101101100-
1001100001ιο 0· V. 8. 00000 1011010000 0 101100 0110.

(1) (11000001 1110000011 100001100 1111000οὸ10 11 11011100 10 110100 0 000-
mh, 000001100110 0110001010, 00110 000010 0 00110· 00010- 0001101000,
0 0 1000 101110 01100010 000101 01011001 1000001 101 000 100000. Fauo 10·
00010010 101 Bm! 10 nrum Vffl. 010 0001100100000010 10 000100, 10001110
001 10110 000010 10011010 000 0000001 0110000010 0 100 00000110ιο 10 0100000
101οι111010011 101110001011101001, 0010 011001000101100010 mon 001 1111
0101000010ιο 1110111000, 0011011011 0011 u 0001. 000010 10110, 00111 0000 0
100 000 0001000 00001000010000 000 11011100, 011001000 1010100 010110 01 0011
0010100 001000 1000001010 00000100.

(1111111101οι 11007,001000010.111ι10101’10001000101011,οΜ

*-

 

