1110 1610 83

111111 non 11111 111111 11 quoiio, nin'oiin 1111111111 (11 ve·
1111ς ’11 monim 1111 iulii quelli 1111 hanno visio qnosio
1111111 miano 1111111 1111111111 11 nunnioni 111111111111
11 1111111 inventione 1111111 tin V. S. 111 111 no 11111111
11 1111111111 1111111111 11111 1111111 11111111111111111 111. Car·
11111 conponi (11111111 mnitina oon quoiie di 11,, ie
quoii ho 1111111111 11 oig. 1111111111, nomo 11111 primo oiasso
111’111111111,1111111111111111111 1111111111 11 S. ii. (1111111,
1111111111 1111111111 (2).

11111111111111, 1111111 111111 1111111 oon 11111,

11111111 1111111 sopra chi 11111 11111 11 primo invon-

1111111111111111111111), 1111111 egli 1111111111 olio
1111111111111 Porio 111111111111111111111 (1) ; 111 11 quoio

(1) 111111 11 1111111111 1111111111 11111111.

(111111111111111 111 1111111111 11111 1111111 11 11111111 1 (11111111
inuenio (111 iiam 1111 1 111. 111 1 segg. 111 'inmo 1.

(1) 1111111 111 1111111111.

(1) 011111 11111111 1111111111111 1111111111111, invidioso 11 Potin di
111111 1111111111111 11 1111111111111111111111 11 (1111111111, 111111
ii 11 nennio 1111 111111111611111111111111111111 1111111111 111 1111011-
michi 111111 Honorio 11111111 1 1111111111 111 Venturi, 111. 1, pag. 111
1 111111111111111111111111111111111. 11 1 111 1111111111111, 11 1 proin
1 111 nnio 11111 lx 111 infractione: 1 11 1111111111 111111111 1111 V. 1.
1 111 1111 111 1111111. 111 1111111111 niagno o 11111111. innsso nn pni-
1 111, 1 111111 oi 111 1111 11 1111111111, ono 111 11 onon nn 11111111 oon-
1 1111111111 11111 1111111111 111111111111111111 1111 lungo. ono 111111
1 111 11111111 11 1111111111 11111 11111, 1111111 11111 111111. 11111111 111
1 quoi 1111 ntimo 11 1111111 11 noso 1111111 vicino, 1111111111 in 11111 oon
111 11 ,111 111111, 111111111111 11 1111111111. 1111111111 Ι·11111,1111,11111
11111111, 11 ii 11111111111111, 11 11111111 111111111111 111111111
1111 1111111111111 inci 11111 un 1111111111, 1111111 11 11111111 111111-
1 111111 1111111111, 111 intio 1111111111 oo. 1. 111 quonia 111 (111 11111-
11111111,111111111111111111111 11111 1111111111111 11 (1111111, 1111111 11
Pom noi 111 111111 11111 111 1111111111, non 11 cho 11111111 11 111 sn·
1111111 propositioni: 1 11111111 voggono pin 1111111 nonii 11111111 11111111
11111111 11, 11111 1111111 pin 11111 111 11111111 1 mn oni 111 11 1111
1111111 1111111111 1111111111111, 1 non 1111111111 11111 (11111 1111111111·
111111111111111 1111111111111111 primo 11 11111111 1111 11111 (11 111111
11111111 1111111 nouo 111111. 11 1111· 11111 111 open 11111 Manio.- 111 11
Porio in quei 11111 11111111 1111 11 non, 1111 11 iente 11111111 1111111 in·
11111111111111111 gii obioiii 11111111 cino 1111111, 11111 11111111 11111 oon·
11111111. ii nei 1111, 1111111 morino, noiomi 1111111111 111111 111 io·
111111111111111111111111111111, 11111111 11 111 1111111111 11 nin 11111111
11111111 111111111111 1111111111 (0111111111 111. miz io 11111 1111111

 

