' 11110 1111 1111

1 1111 11 01101 11 1111111111 011 11 11011 110 0110111111
111100011111111111111111111111111. 111111 pur 0110 11
»110110 111 00111· 00110110 0011 01101 0111111 1110111111, 0 11
1 01111· 11111 11011111, 0010 111111 1111101 (1) 1. 01101101
quanto 11111 101110 11110110. 81111111, 101 001 1011100110
1110110111 111110 V. 1., 1111111110 0111 00111110 101 111111
100011110 1101 111111 111 1011111110111011111111 1111101·
10111 0111110 1101111 11111111 101111111011011 10111111 0110
1111111 1 V. S. 1101110111 0011· 1011110, 0110 111 1111 11 111000
11111, 11111011 1 promito 10110 101111111 011111·
11111011).

0111110 1110 1110001110 1110 1000110 011111110101110110
1111 1110111 (1111101, 11010 01101111111011111110111111
111111 11111 1110111 11 1111 1100111110οο 11 1111111 1111111, 101
0011111111 11011110111111110 11110 1110001110 , 010 111 11111
1011111 11110111, 0 11100 per 11 1010110111111111111111010
Ι 111 Primo 1101111, 1 per 11 111101 011010010111111100110
1111111111 001111011001 11 Sammo 0 (11011 111 1103111010
mi vieno S. 11. 1 11111110 111101101111110 1110001110 pm 10110
1111 11 111110 1111011 0111 manco: ΙΙ 01110 11011 1001111111-
1111 11111100111111001 11111111110111011101, quaudo 11 ’
11011111101111,11110111 1111111111 10111111 mi 1110011111. 11
1 punto voglio 0111 10111010 11 110. 10111011101 11100111,
011 110011 110011 1111 1110111 0111111111 0111110101 111
11111111 [111 111110 01101111 11 101111100111110111,10111001111
1111110 11 1111101111 11 10110 11000110110101111001111001110 ’
11 0101110111 0110 111 11 1111101011011110. E 111111 V. S. 011
111010011111110 11 011111 111’1111111111.111.(111101101-
mu, 010111 110111 1111111010111 110 01111 1111011 11111
0011111101, 010 11 101011 11110 111. curlo 111 pagam 111
1011111111 1011* 1111010 10 111111; ma 001 oi 1 11110110000

11111111 11 11111111 11111 premente 11101110110011 111011 ι
mett) 111111010111011111 0111111010 11111111111 111 111110.

 

