280 1111111 1 1111111

11111111 111 11 1111111111 11 possa 1111, 111 dhonon 1111
111111 11111 11111 811 11 11111 11111 111 (1) 111 111111111111,
1 111 111111 Δ 1111111111111 111111111111111111111111111111,
111 1111· 1111 Bc 11111111 10· 11 11111, 1 11 tiri 11111111·
111 (111), 1111111111 111111 111 11111111111111111 11 11111
1 11 11111111 111 1111111111 11111 111 111 1111 1111111111 1111.
che 11 11111111 11111 111 111111110,111111111111 1111 1111111
1111111 111 11111 11111111 1111111111111111111111111ς ο 111
11 1111 1111 1111111 Α 11111111 fuori 11111111 (111 1111 111 111,
11111111 nno 11111 1 111111 1111111111ᾱοῦ 1111111 11111,
1 111 111 nuovo 11 11111111 11111111 1111111111 End 1111 111111
11111111, 11 111 1111111 111111111111111111 111111. Anno·
11111111 dunque 111111 1111 11 111 11111411 1111111111 1111
111111111111111, 11 1111111111 11111111 agnomento 11 111 un
1111 1111111 Α, 1111111 11 111111 11111111111111 11 putu
111 111111111,111111111111 sompno egnalmentn 111111 1111
1111,1111 111111 11 enatandum 1111111 nunti 1) 1111111
111111 1111111111 111111111111 EF, 11111111 1111111111.
1111111 111111111111 111111 11 1111 1111’1111111111,·1 111
1 11 Ἰ11111 11111 1111 1 ΑΒ Ι’ 1111111111. 011113111111111111
11 G. 11 1111110111 1111111111 111111 ρ11111,11111 1111111
11 1111 11111111 11111 11 GF, 1111111 11 11111111 11 1111
1111111111 11 plano FGEF girami intorno 11 (111 1111111111.
11 1111 (111 (11111111 11 11111111111111111111111111111111111
1111111111, 1111 1 111111 1111 11 11111. si tagliern 1111111
questa sagonna 11 11 111 111111, 11111111111111111111 111
regola 111 111 1· instrumento, 11 quale 111111 111111111111111
11 11111111111111 11111 comodamente 111111111111. Ha
in 1111111 1111 111 1111111 1111 mi 11111111 punto 111 111..
1111 1111 11111 1111111 partito 1111 11111111111111111111111
111111. Le dico solo 11 quanto 1111 11111111,1111 11 111 11-
11111111 banda, nondimeno 111111111111 111 meglio 111·

(1) 111. 11111. 8.

 

