. 11111611 . 181

(1111181111, 1111111111111, 1’ 11 11111 avuto tempo 111
11111111.
111 111111111111 lungo, 111 111111 111111, 111111

maggior 111111 obe 111 1111111111, 11111111. S. 1 11111111,
1111111 1181111111111111 (11111 signorm 11111111111,1111111111
1111 11111, 111 11 11111111 1111111111 1 V. S.. 11111111 1111
1’1111111,1 1111111111 111 ogni 1111111111, 1 111111111111
111. 11111 11111 11 1111111111; 1111 111111111 1111111» 1111-
111111111111111111111111 11111111111 111 1111111, 1111111 11

111111111111 111111 (11111 8111111, 11111 1111111111), 1111
11111111111 1111, 11111 memoria degli nomini 111111111 ’
11111111111ς11111 11 111 11 grandem 1111 desiderio 11111-
111111 11111111 111111111111 (2).

. Β11111111111111111111111111111111111111
111111, 11 11111 1111111 111 1111 111111 (11 11111, come
11111 11 1111111111111, 1 111111111118111111 11 11111111
1111111111 1 11111111.

1111111111 (a)

Dum radio, (11111111, 111 coelum omne retectum
8111111, 11 11111111 murmure 11111 fremit:

(1111111111111111 1111111 111 1111 11111111,
1111111 11 1111111 1111 11111 11111 11111.

11111111 111 11111111 111111111111111111111 11111111 11111 111 1111
111 1111111111.

(2) 111 111111 1111 1111111 abbiam 1111111111 1111111111111111111111111
111111111 1111 8111111111 1111111 1111, 1111111111 11111111 1111111111 que·
111 1111111111 (1111111111111. ’

(11 Quanto 3111111111 11 111 1111111111, 11111111 11 11111 1161111111
ἰὼν, nu· 1111111 111 neuere 1111111111111111111111111111111111111

11111111 111 1111.

 

