111110 11112 193

10110 1011000 101100 00100110, 0101001011001010 01011110 00010
10 0000 00101111 0 0000111001 1* 0000,’101001100 10110 010010,
, 00100 01 1010 001100 0001 iibri 010010111; 00001010 000110
000111100010011001010110, 01 iinon 101000οε0110, ohe
000010’0001001001 01011101 11 010. 11110010 1001101010111
Porta, 010010 101 010. G. B.. 0101100 11 11010110 0001, 11
11100 1000000010111011001011, 0110 000001 1001101 101-
1· 110, 0 0010110011 00 1111 010110 0 10 10 01011110 101100-
100100101 001 100011 010. 100 1110001111101, 00101101001110
01110111100 000 011100111, 0010111, 01110 11 1100010 0 110000
0000111000 101110 0010010, 111 00001110001011110001110-
11101, 11 00101101 011 1110100001 10 011101 0001011110101
1011 Fon, 011 1 11 quello di 800000 001 10110 110000,
01011ῑο00110 11 010100 01110 100111 10000, 00100 mi
00111000.-

110011 Y. S. di subita 11000011, 00010 110010110 11 00-
001101000 010111, 01 011011,100010111011010001,11011010
01111001 0100 10 0001110110. Li riceii adunque 10 81011011,
mn 0110010011 11000 1000011010 11 011, 01 ὁ 011 1111110100
1000 0000101 1101100010 10 1100011 0010100 01000. 010 mi 111
1010110, ohe 01110 1100000100110100011 questi 1011111101ῑο
111 11011110 0000 100111 01111001011, 0110 000 001110 011 001
000 01110001 11010 questa: ii 0001111 mano 10101001 0010Ι
1111010110110010110, 0 0110 1010011001011010010 10101011, 1
0110 01 110011 001010011ιο0 11 11000111100011,00111111110
101, promouendo 10001011 10110 11 001 libreria 0010110,
0010 001 1010011101011000 0 101 0 0111101010 1110001010
0001 110001 occasione, 110 0011110οΙ 10110 01ιο 000 11 11111
11001111 ii 0010111 0110 0 1000011110 1 proposito 000110,
0 110101010111101, 011010 10001011 subito 10 81011011 0 0001-
0111100 111011011101 necessari.

11011010 000 11110110010 00010 100110 0110 V. S. 001110
101 111110 101010. 1001111000 quanio 1100110010 1111 11010000

iiiam 0110110010001011111010, 0110 101011 10 0101001ἰο
(imno (1001101 - T. vill. 25

 

