ν »1111101111 101 “

1111101 1111. sent 11-1001111100011111 1111100111, 1110-
110111 111101 1111001 mortimenti.

1111 110001 1110111001110 11010111011, 0111111, 0111010011
11011111. 1111111001 1101101 10011101,1111011 111 11010111,
101 1000 ami 11111 0060110111ιί 11111 1111110011 0111011111 11
«signer 11000100 1111111111 111 1111011 0111111010, 1 1011 111111-
11111 111 questi signori 1011111 11011111110111011 111110001- ,
111111 1111010111111 1111 1011111111 1111001 ,- 11000101 100011
11 εἰς. manuducatum. 1111110 1116 11101110.

· (111111111111111011100111001110111111111110101011010
mummi· 11 001 111 0111101111 10011101111010110011
§mmmmm 1111111 mio-wulpi«) 1111111 100101
111111001111111111111011110 munta 111 01011111 11 101
111111111111011111111111 111111,11111111111, dopo 1110, 1111000100
qni 0110 11101, .1 100111 11111111 (11111011001111111 111111 di
ῃ1110 1111110 110. 11110 111 101 1110011011111101101011.11001
mummolo Ι111111111,111110 10 mm 11111. 11100011 111-
amum 1110111. 1011111111111110011· 11111 padroni.

n. 131116110

, 01 111, 11 naamon 1011 (1)

(A 1110111)

'oli 11110010 d’m (liquidnm 110111 10 (bno 1110111 moto 111111 Tem.

(110111101111011111 1111 111011 (1111111001, e 1011110-
flato 1111 1111011001 111111 1011011, gl! 111111 00010 1010010 110101
0011, 10101111 1111111 100110 1011ᾱί111110. 111 1101010111 11 10
1111001011111,111 111111111,1 001 questo 101111 1 dire

, ss) 1188. 1111.,1’11. 1, Tom. 7,101011111.1111101011 01 111111111110001
1111111011 111 11111111. 1.

 

