300 ’ mmmm A 1111111110

1111111111 1111111 1111111 1111 1111111111111 1111111
11111 11 111111 111 11 1111111 11111111, 11111111 11111-
11111 1111111, 11 1111 11 1111111111111,·11111 11 11 11-
1111111111 1111111111 quanto (11 11111111111111, 1111
11111111 1111111111 11 11 stone 1111111 11 11111111 1111111,
111111 11 1111111111 1111111 111111 (1).

1111111 111111 11 1. S„ 111 11 11111111 1111 11111111

111111 11111 11 regioni 1111111, 11 111111111111 11111111
111 1111111, 111111111111111, 11 Stena 11111, 1111111
peno del cigno, per 111111 11 111111111111111111 qul·
111 111111111, 11111 11111 111111. 111 111 11111111-1111.1.
1111111 11 opinioni 111 (1111111111 11111111 11111111 111
11 111111111111 111 1111111111 111111111111 1111111111
111111 11111111 1 11 11111111111 Solo 111111111111111111111
1111111111 11111 111111111111111,111111111111(1 11111 11111
11 1111111111 1111111111 1 opinione 111 111111.

V. S. mi 111111 11· 11 11 1111 11111111111111111111
111 11111111 11111 1111 111111111 11 111111, 111 11111·
1111 111 11111 1111 11111111 111 1111111111111111111-
11111. 111 1111 11 111 (111111111111111 11111111111111·
1111 111 verissimo 11111 1111111111111 111111111111111,
1111111 111 111 111111 maggior 1111 111111111 1 111 111
11111111111 11111111 111111 11111. 1111 1111111111 11
11 11111 i! 11111111111111111111 1111111111111 111111
maggior luogo 1111111111 11111 11111 11111 proni 11(
1111111111111111111 11 mia opinione 11111 pom 11111
111 il 1111111111 111111 111 11111111111111111 1111111
111 11 ogni (11111111111111 (1111111111111111111 11111-
11111 111 111111111111111, 111 11111111111111111111111,111
1111111 1111111 11111 parti 111 1111111111111111111111111
vieno 11 11111 111 1111 1111111111 11 1111 1111111111 11
’11111 11111111111 11 1111111111111 11 gran 1111111 (111·

(1)Α1111111111111,1111. 111, 1111111111 1111111111 in 11111 modo
11111 1111111111 111 1 8111111111 1111.

 

