1111 1613 · 111

11111111111111,1111, 1111· 1111111111 111111111111 111111-
1111, 11 11 11111 111111111111. 111 111111 11 1111111111
considerato, 1111 111111 1111111111 11111111 11 1111111111
111111111. ·

naua 11111 1111111 poi, 1111 11 1111111111111111,111
11111 11111111111111111111 1111111111 V. S. 1111111 11 guiza
le opinioni 111 11111 111111, 1111 111 11 111111111 111111
11111 1 11 nome 1 11 1111111111111 1111111111ῐὶ 11 Ι1111111111
d· 1111 11111 1111111111 1111111111 111111111 nomo (111111

1111111111 11111 111111 1111111 11 1111111111 11111 1111 111·
11111111111111111 111111, 11111 111111 11111111 11111·Ι
1111111111 11 V. Sa· 11111Ι 11 ςΙο1111111111111111.1’11111111
11111111 ”panormo ’11111111 11111 111111 1111 1111 111-
1111115) 1111111111 111115111111111111111 111111111111111111

111 1111111111 11111111, 1 1111111 11 11111115. mi
1111111111111111111111. - , ·

'‘ 111-1111111 11 1111111111 1111111111111111 111121111111
1111 11111111 1111 11111 11111 11111, 111111111111111111111
1111 11111 11 1ο 1111111111 11111111 111111111111, 1111111 111
voluto 111111 111111111 1 11111111111111111111,11 111 1111
11 111111 111111111111111 11111 1111111111 11 111111111111111
111 1111111111111 1 quello 11 V. S. 111 1111111111,1’111
1111111 1111111110111111111 1111 11111111 11111111 grazia .
11’ 111111,- 1111111 111 va 111 111111111111111, 1111 porto
1111111111 1111111111 111111111111111 111 1111111111νί111
'ma 11 1111111111 111 Ι’ 11111111 eon 1111111 11 11 11111
1111 11111. 1111111111111111111111 11 111111 1111111, 1 11111
11111 111-11 111 11111111 11111111. ²

(111111 11111 111 11111111 1111111111, 1111111111111111111111.

..Q-

 

