111110 11111 189

000111 1 11111 1111111 1 11111111111101111111 11111111111111
111 quau 1111 11 1111111111 1 ignoratum 1111 nn
111111111 1 11 11 1111110 11111 11 11110. E 011 questo 11
11110 11 1110 0111111111111 contento, 1 1111 11111111111111

1111111, 1111111 10111 ogni 11111 1· ha 11 bisogno.

κ.»-

(110111 mim mutuum

ι Da 110111, 13 Decembre 1611 (1)

(1111111111)

on 1111111 111 110111 101111 e oemplimenti 1111111111, 1111 111 10111110 ¹
11 mo ’1111111111 manti, 1 111 per 1111111 11 1111111111 invito
11110111111 daun 111110 wileo.

1100111111111 V. 1., 1111110111111.11 1101111111 -vivo
1111111110 di 111111· 1111111111 11 11110110, 01111011 1011111
111111 111111 111 111110 11110 sopra 11 1111111111011111111
111111 11111111 1101111111 1110111111 111111 1111111111-
11111 1101111111, 11111101111 1 0111111111 1111111, 1111-
1111111111 01110 101 101111 1111 11111 111111 111111111011
11111111111111111 11111111111101111 0111 111111111 1111
0111111111111111 11111 11111111, 1111111111 1011111111 11
numum 111 parto, 1 11 111111111111111110 10110, 101-
omn 11111111111111111 1111111 111111 persona. 111111
mmmm 11111110 11’ 0011111101 1111111111, 1111
pur 1111111111111111111 11111 111 11 111111 1110110, 1 mi
11111 11 poi 1111 11111101111011 11 1111111, 111 101 111 111
pemmo 111 buon· pem di 1111111111 1 101111111111011Ι
1 11111 1111110111 ho 11011111 0011111111 11 1111111111, 111111-

'w {a ΗΕΒ. sul.. 111. V1‚Tom. 1, 1111011111. 111111111111111111111011,

 

