11111111 . 111

11 V. S. 11. 111 Boe.. di 1111 11 11111 11111111 11111 111
11 111111 1111111111111111111111 111 111111111111 1 parli-
colarmente nei giomi 1111111, 111111 111111111111111111-

111111 111111111111 111111111111111 111 1111111111
quanto 1· 1111111 11 sole 11111 pm 111111111111, 1 1111111111
11 1111111111111 11111 11 Luna, 1111111 1111 1111111 1111111
11111 111111 11111 111 111 11111111111111111111111 11-
11111111, 1111 11 111111· 11 111 1111111111 11 1111111111 1111
1111111 11111 111111111111 11111 piu 111111111111111111111
1111111111 1111 111111.

11 111 111 11111 11111111111111111111111111111111111
111111111111. 1111111 11111 111111 11111 11111111. fi„ 1
111-1111111111111 11 11111 11111111 111111 1111111 1111
11111 11 11111111111111, 111 1111 1111 1111111 1111111111
1111111111 11 1111111111, como in 11111 1111111 11111 1111
1111111111 11 1111111111111 11 1111111111111111 11-
1111 1 111 commmunione, 11 111111111111111111111111111·
11111 1111111111 11111111 11111, 1111111 mulvium 111111
11 1111111111· 11111, 1 11 1111 1111111 111 1111111,,,11111
11111 ’11111 ,111 11ςί1111111, 111111111111 1111111 1111111111
quanto 111111, 111111 1111111111 1111 1111111 111 11 mondo
1111· 1111 111111 (2), 11 1111111 11 111111 11 111 fortunata
111111 pom 11111 1111111111 tempo senza uscire 11111 1111-
1111 11111111 1111111111 immobile senza 1111, 1111 11
'Oi 81111111. 122 · ¹ ¹

Tengo 11111111 comissione 111 111111 11111111 11111 111
1111111111 siguum 1 1111 pi& 1111111111 1111111111 1
11111111111111111 111 1111 1111111111 111 sumpto ἰ miei
111111 1111111, 11111111 11 1111 Nostro signore 1111 bene,
1 1111111111 111 mio 111111 11111111111111.

11) 11 1111111 111111111 111 11 11111111 11111 1111 11 111111 11 11111-
11111 11 6111111 111 111111 pudo: omme 11111111111111111111111111111111.
(1111111, 111111 apulo 11 11111111 1111 11111.

»αφ-

 

