1111 11118 111

11111 1111 1111111111 111· 111111 11111111111111111111111111
1111 1111111111 11 molesto: 111111 11 1111 11111111 111
11111 11111111111111 11111 1111111111 11111111 1111111111
11111 111 11111111111111111111111, 1111111111 11111, 1 111
11111111 quoii· ὁ 111 1111111111 11111111, di 111 1111111·
111 11 1111. 111 111111111111111 11111111 1111 11111111
1 111 11111111, 111-1111 11111 8111111,1111111111 11111111 1
1111111111 1 111111111 111111111111 11111111. so 1111 1 111
111 111111 1111111111 111 quanio io 11111 11111 111-
1111 1111111111111 11111111· 1111111111 1111 1111111111,
11111111 1111 1111111111. ’

Lo 1111111· ’11111111 11 giomi 1111111 11111 11111111,
111111 111 1111111 111111 1111111111, 1 1111111111 11111111
1111 111111111111 111111 111111 1111111111111111 111
11111111 V. S. imaginarii 1111 11111111111111111111 111·
1111ιί111 1111011111, 11111111111111 11111111 1 11-
111111 abbio 1111111111 (1). 1111111111 111 111 11111111
11111111 1 1111111111 11111 11111111 1 11111111 1111111111
1111111111 11 111. (11111111111111111 detio, 111111111111111
111ὁ 1111 111111 oi storo 111 11111 111111111111111111·
111111111111111 1111 1 11111, ohe 11 11111111. 1111111111
1111111111 1111111 11111 1111111111 11111111 da 111 111-

11111 1111111111. 111111 111111 cho mondo 1 V. S. 1111111 ¹

1111111111 11111 (2). 11111111 (111 nunnioni 111111 mia

1111 1111111111) ho oooioriio oon ii 1111111111 (111111111-

111 ι’111ι11111111111111111111111 111 11111111111111111111111111111
1111111111111111111111811111111, 1111 111 1111 1111111111 di 1111 lungo
1111111. 1111111111 intenzione 111 111111 innocui d'iiurooo. Non 1111111111
(1111111 111111111111 11 oni 11111 11 ionio 1111111111, 111 11 1111111111·
11111111 111111 11 111111111111111 1111 11111111 1111161111111,11111111·
poio putidissimo, o 111111 11 11111111 1111 11 11111111 11111 1111 1 1111-
1111111111111111111111111111111111111. ΙΙ quoio 1111111 11111 11111 1
11’11111111111111111 111 111111 11111111 omo 1111111 11811111, moenio
1111111 nomo dl ioiiorio 81111 8111111111111 nollo 1111 11111111111111111
1111111111 1111111 1111 (111111111111 11111 dei ouo 1111111 1 111111111111
1111111 io 111 mu 1111ῃ111, unium 111 1111111 ominoso 111 im 11111
111111 1111 111 111111 8111111111, como 111 11 seguono 11111111111111.

(2) L'iooiooo um 111 Codice.

 

