111110 1611 161

110 101 1111110 110110 gusto 1111 1111111 1111111111 quoi
111 11111111 1111111 011 11111111 (1011111111ος 11 11111011
1111111 1111111 11111111 11 puri 1111 1’ 1111111111 1111011 111
1111111010 111111011 101111 111 111. 11111110

110 111111 1111111 1111011111 0001111111111 11111111110
11 111110 11111, 111 111 11111000 111111 11111110 11111110
11 V. 111110 11111 111011, 1011111 101 10 1’1 11111110
11110111111111 11 11111 011 1111 1110111111 1111011110
010 1111 1111111011 11111 1510111, 111 001 11 1111110 quanto
111111 11 110 001 11 1111011011110,101 11 poco 1111 (11
1111 1111111110) 1111 001 1111111001 11 0011110 1111111011.
01111 11 111110 1111 1 1111111110110 1 1111111111 11111·
11111110 11111 11111111, 11111 1111111110 11111011111
10111, 11111 11111 1 1111 11 1111111111 111 111111110 11111
1111. 01111111111111 buono 11 111 11 101111 11111111
11111111 111111111011111111111111 111 proprio primo
1111111011, 1111111 1111110 81111111110, 111 101 11111101-
111111. So 110110 11111111 111 10111111, 1 11111110 11 11111.

ωηεν-

monn mlsn Aouccnu

j 110 Rom, 9 8111111111 1611 (1)

(A 1111011)

01111111 11 1111111111111 orbito 1 1 tempi delle 11101111οηί dei satelliti
11 move, 111 1111111111 ptr 111 11111111 1111111111.

11111011 1011111111 per 1101011 11 111111 101 V. S.
1111 111111 101 1111 1111111 de· 110111 001 11 guida 111
111.11111111110,111 111111 11111 0011111111111 1111101111

(1) m 1111, 111. 11, 1111. 11, 1111011111. 111111 11111111011,1011.11,
μς.11.-11011111011110.11111111 11011111, 1011· egli 111111, 1 11001111, 00111
111111 11 11111111, 0 1111111, come oggi 11 pronunti: 11 nomo di 111111 11-
111111 mlh. 110111 ln Bolognn 11 11 1101111111 111 1111. nepo 1011111111
1111111 1101111111 1 1111111, 11111011 1 1 110111, 11 nominato 11 111111-
111 XV mundo 111 111111, 1 1111111111 1111111110 111 1111110, 111 11111 fl·
111111 11111111 11111111 110 111010. 0011101110 111 1111 1111110111111111,

 

