111110 16111 311

10010 occasione 11 11000010 0 101100. 111 00001011100010000-
0101000, 0100 001 ci 0001100000 0 0110000011, 0 001 100010 00000
00000 11 01, 0100 cc 010 0001001001000001010110110101101000
faccicmi 00010000.

50001001 00010 0010 0001100 1000001000 00000010010000
001010. 100101101, 0110001 0001001001ωο 01000010010010110
0100 00000 0000100000 1010010100 1001010 10 01100 0’ signori
1100000001 0010010 10 000 000110 00010010.

Mando c V. S.. 000 11000000010 000111000001000011100, ’
00 1000011010 00010, 001 00010 0000 10 010000 (1) 01 00
1110οο 000110 10 1000 000 0000010, 0100 1, 000 1011000 100
00100 (100000111οη0, 0100 1110010 1001010011 (100000100001-
00010 10111 1 1000101 10110 800111000 (1); 00000 00010 0100 000
001000 0001010001 10 00101100 tempo, 00 00οὸ 1· accrescet 10
00101010 0111 00000000] 000 010 000 0000000, 110100 000 00010.
Lo 000111000 000010 000 (1000001001 1011110100001 1100000001,
0000000101 011 000010, 0001000001οεὶ 0010 000αο000010 11-
10001111 1110001000 10 0010001100. 000 0001100 1011000010
10011001οο0 Μοο010000 11101 0 000 000010 0000 11 10100
’1000001010 (100010, (1000110 0010110 Romano, 0100 1 101110100-
00 00000, 0 000 01101, 01 100 0000010 0 1000010001101, 0 00010

010 000 01 0000001 010010 (3), 0 0000000 0100000,01ο
100111 0000111100 0 V. S. 001 00010 0100, 10 000010 0 10 ogni ·
01100 0000010οο, 001 10 00000 11 00001010 1000001000010 come
devo. 8001 molto opportuno 0 11 0010 0011101001000 0001100-
1000, 01110 0101010 10 1011000 0100 V. S. mi 000100 0000 0001110
10 000000110 (1), 010 010 0000110010 000 1001100100 0001100

(1)(10010010110010000 00010 000010 11 corum 80101 000 011000 01000-
0010, 010110 0001100ιο 0000 00010011 011 000101 1111011100.

(1) 11 11101011000010 0001110, stampato 10 1100011 000 011000, 111 0000000100
1011000 1011100. Pace 11000100 10010 ,10100010 1000001001 cormacum 00000
1001010000 10’ 1111000010· 0 101 0000000100 10110 00011111110110 Terra 0 01011-
1111 101 8010, 0 ccccc 01010000 1011100010. 1001ιο 000010 0001110 10 001 com·
00000 10000 00000010 00110 0001101000 101 010100010000010000.

(3) 1010010, 0 0001000000 11 11000118000001000 001 0100000110 0001010.

(c) Fene 10 1011000 011010 00110 0000010010 101 (10000011.

 

