111111 1611 111

’ ’1111111111 11111111 (1)

’ ’ 11 mmm, 11 11111111 1111 (1)

(Α 1111111)

’ 11 11111. dou· prom magu 11 un 11111111, e mgnum di
1111 111111 che il hgini 111111 1111111 contro il 1111111 8111111, 111
mna 11 voloni 1111111 paulin 1111111111 111 111 mentm.

111111 11 1111111 11 V. s. 111 1111111111 111111 per
Firenze, 1111 11111111 1111111 11111111111,1111111 qua 11
11111111 111 111111 1111111111 111 1111111. 0111111111 111 11
1111 111 111111 111 1111111,111111 amico mio 11111 111-
111111 1111111 111111111111111, 11111111111111111111 11
111111111111111 11111 11 111, ohe 111111 11111111111 11
111111 1111111111Ι 111 servitore. 111 1111 111 V. S. 11 11111 11
11111111111111111111 1111111 11111 1111, 11 voglio pre·
garo (111111111111111 111 111 tolga que! 111111 grazia
111 111 1111111) 11111 111111111 11111 1 111 1111111111
1111 1111111111 1111111111 11111ι 11111. “

’011111111111 111111 signori 1111111111111111 1111111111
11111111 11 V. S. 11111111111111111,’ 111 111 1111111 111-
111 1111111111, 11111111 11111111 1 questi 1111111111 11
1111111 (111 11 111 1111 1111111111) 111111111111111-
11111111 111111 1111111111, 11111111 111 1111111111
1111111111 11111111 1111111111, 11111 V. S. 1111111111 1111-
1111’11111,11111111111 1 qualche 11111111 (3).

Del 11111111 1111 1111111111 11111111 11111111

(1) lutumque) 1111111111111111 1111111111 1 11111111 111111111111
111111 111111 1 1 1111 111111111.

(1) 111111.- .·(111., 111. 11, Τ. 7, 1111111111.

11) 111111 quanto 11111, 1111 11 11111 1111111111 111 11 momento 11 u·
111111111111] 11 1111111, 111 qualche 1111111111 questione, 1111 11111111 111-
11111 1111111111 ndum. “ ’

(1111111 6111111 - T. 1111. 1⁴

 

