’ Anno ¹⁸¹2 1111

111111111111111 111111111111 11111· 11 vista, 1 mi 1111
1111111’111111111111111 1111111111 11 111 111111 1111111
111111 1111111111 11111111-1111111 11111 11111111111111111
81111111, 11 111111 11111 151111111111 11111 1111111111
11 mia 11111111, 11111111 11 11111 11 111111111111 111111·
1111111111 1111111111,1111 11111. 11 111111 11111111 111
111111111111111111. 11 111. S. 11. 11 111111111111111 11·
111 1111111 1111 1111111 11 quelle 111111111111111, 111111-
11111 gran 111111, 1111111 11 11111111111111111111111111
11111111, 11 1111111111111111111 11111111 1111111111. 1111-
1111111 11 111111 1111111 1111111 111 11 1111111111111111
1111111 11111 1111111111 11111111111111111. 11 11111 1111·
1111 111111 111 molto 1111111111111111111 11111 11 questo

11111111111111 111 111 11111 111 11111111111 1111111111
11111 11111111 munim: 11111 111 1 111111 1111111111111

11111 1111111 1111111111 11 1111111111 11 nuovo 11 questa

materia. -
L· 11111. 111111 111111111 111111111111111111111111, 11111

1111 1111111111, 1 1111111111 11111 1111111 1111 11111111 11
11111 1111111111 11111111 1111111 11 11111111111111111111 11
111111 11111 (114111 1111111111 11 1111111 grandissimo di
111111111 11111111111111111 111 diverse 11111111111111,1111

111111111111111 111· 11 111 11111111, 1111111 1111111111· Ι

1111111 1111111 11111 1111111111; 111 111 111 11111 111-
11111111 1111 11111111 1111111111, 111 11111 1111 1111111111
gran desiderio 11 1111111111111 1111 11111111,1111111111
11 111111 minimi 11111111, 1111, come 1111 11111, 111 11111-
111111111111111111 1111μί111111 11111 11 111111111111
vm, 1111111 111 11 11111111111111111 1111111111 11111
11 1111111 1111111 111111111111 1111111. Gli 1111111 1111111-
11111111111111111111 11111 11111111 11111, 111111111οωί
eho 111111 11111111 111 11111. 111 dopo 111 11111 1111111111

1111111111 111111 111111111 81111. .
11111111 (imm - Τ. 11111. 18

 

