111110 16111 119
111 8011, ogni 10111 01110111 110100011111 111 00101 111

1110110011 111 11001 000 0100111000 101111111100111 011111 ’

1111111011. 011 111111101101111 V. S. 11 111000 111110
1110011111111011011000111111 1110011111 1101111 1001111οι1,
00111 11011 10111110 11111 0111011001011100111011 001111-
100111 01110110 1001000. 810111 0011 vo 10101111010 100011
11111111 01111 11 00111110 000 11 Solo, 000 1100 01111
100111011 0010111 0 000 00100110111110100111101101100-
1111 1 0111 01101 (111111 0111111 100010001111110101001101
1010011 1011011110οἰ, 1 questa 10 01111001111 110110111101-
11101 1 0000111001 11111 10011010111 grandem 111 00010111
1110111 1 111 11 1010 111111 Terra, 11111 001Ιί 001 110 111-
00001 11 1111 01111000 100011 111 10110 ignorante, tacendo
1 100011110101111 101 110111 10 11100111,11 10 01111 1111-
11011111 111010 11 10101.

(1) Lu 111110111111110 1 questo 10010 1111110,011111111110 000 0011
1111 0011010011 00010 011 Venere. 011 01001011 11 1011011011 1111011011,
11111111 011 11111 1111010110 1111011011 11111000]1 111 11001101111111 11 111·
1111 1111111110 11 10001100 101 15 610011011111 010111 1011001011.

-ο-

10001100 010011 “ ’

’ Da 1101111111 Νο0111111 16111 (1)

(Α 11111001)

1111011 1111111110 ultim gli tugun pm gunfi‘iou· 100111 011
desiderio 0111 00111 011110 111111τὶ111 10 110011 a 01110νί11 μοι· 11111011
μ’ baoedm'. -· Qun letter· 1 0001111011, 011 nm’ 101101101οἀ1ωῆ
01111010 pum munte 11 0001100101001110011111 10 que·
111 001111 edizione di quanto 11 11011 101110 01111 11111,

1100 1110011 111. S. 0110111000 11110 1101110 11 si-
00011001,1100110001 110 0101110 11 101 1111111, 11111
00111 11 11111011 010110, 1101110 0111 1111 1101110 010111
10110 1 1110011111. 111 1 11101101010 110110 1100011 11111

11) MSS. fid.. 11011001. 1, 1111001111. 1111111111 11101001 1 111110-
1011, rar, 1010. 111. ·

 

