111110 1611 179

1111, (1), 1111 abbiamo 111 leonori nuovi; ouo 111 luogo
111 1111111111(11) 1111111 donor 1111111111 11111 11111111
11111 11 risa (3), Ι’ 11111 11 medico 81111111, ohe stava
1111111111 (1), 11 11111111 111 1111111111 1111111111).
1111111111111111111111111 11 11111111 1111 1111111111111
troncoso.

1111111111ῑί per oro, 1 11 signore 11 felicio 1 gli
111111111111111118. 11111111, 111 qual giorno io 111111
quero 1 V. S.

(1111111111 (1111111111 11111111 11111111 111 1111. 111111 111 ionga 11·
nora 11 111111. 1111 11 proruto domestico 1 11111111111111111111111111111
rouo 111111 1.(11111111 XV 1 Urbano vm, 11 promotore 11 111111111111111
11111 11111111111111 1111111111 11 111 111111111111111111111111111111111·
11111. Lo 1111111111111111111111 1111111 11 111111 11 prou, 111111 prro
11111 1111111111 11111111111111, 11111111 omaro 1111111111 1111111111 (111
mid 111 111 tempo. 11111 111 1111.

(1)81111111111111111111 11 1111111 1 recordo 11 1111111111) professore
11 1111111 11111111, 11111 111 11111111 muniremur 1 morto, 11 parri· 1111

(1) 1111111 1111111111, 1111111111111 111111111111 gron 111111, 11111
11 1111111111 111 mollo 11111, 11111111111111 11 1111111 11 1111111111, 11111
a! 1111111111 111 1111 in Pin mr 11 nomn 1 in 1111181111, 1111 tutu 11111
1111111111111111 1111111111ῑί per 11 111 1111111111 1 strangam, 1111111111
1111111111 1111111111 11 111 1111111111 ln 11111 111111111111111111111,
111111 11111111 11111 1111111111 11 111111 11 donoro. 1111 11 111 (111111111-
111111 11111 11111111 (1111111111, motoria Gom. Porro. 1. 1, μς. 1111111111
11 Mora 111 m.

(1181111111 sororio, 11 celebro 1111111111 111 111111111111111111111-
11111, 1111111111 grand! modici 111 111 tempo 1 111 (111 benemeriti 11111
1111111,1111)111(ἶ1)111’111111 1111 1511, morl 1111111111 111 1111. rr oe·
(11111111 11111111 111 servi. 11 111 11111111 111 111111 1111111111 11 eterna
1111111111. Bm 11 111111 (ρ. 11) 111 rupporlo 1111111111 1111181111111 1111111
111 111 1111.

(1111111111 111111 1111111 11111 11111111 primorie 11 1111111111, quon·
1111 11 1111111111 1111111, 111111 11 ultimo luogo drll'Augenlo, 1 111111 11
11111111 prtum! 111 ultimo professore 11 11 narrarit: 11 111111111111
11111111 1111111111 111 11111 1111111111 111 11 51111111 (1111 11 quon· (¹¹
1111111111 1111111) 11111111111111111 111 modo dubitativo cho qo! 1111111οο
01111 11111111111111111 1111111111111111111 11 vicena, 1 0111111111111
’11 11111 11111 111111 111111 1111111, umbrone 1111111 11 111111 11111 11
1111111111, 11111111 1111111111 11111, 111111111111111111111 GM· P*
111. Bm.

...Q-

 

