1111 1618

(1111110 GBHM

111 Pescia, 9 11111 1111 (1)

(Δ 1111111)

mummi 111 111 111 rimmo 11111111. cm 11 mo, 10 invit.
1 11111111 111 villa 1111111.

· con 111111 mio gusto 111 111111 11 111111 1111111 11 vo*
111111111111111111111111111111111 santa 0111 11 11111111
11 11111111 1111111 1111111111111 11111 11111111111111111
111 1111 spanum, 11111111οωί 111111111111111111111 11111
1111111111 1111111111 11 11111 (2). 11 1111111 111 1111-
, 111 por 1111111111, 111111111111 poco 1111111111 11111
1111 1111111111 111111111111111111 11111111111111 11111111·
11,Ἰ resono 1 11111111 11 111 pensiero 11 1111111111 1111111
111111111111111111111,111111 111 11 111 111111 11 111
111111 1111111111. 11111111111111 11 11111 1 1111111111

ogni ’1111111111 1111 1111111111 111111 11111111 11 111 .

111 11 qua, 1111111111 1 1111111 111 designato 11 11111111
mi 1111111111 11111,1111 11 111 111111111111 111111-

1111111111- MSS· 111, 111. 1, 1111. 8, nutognsn.

(1) Quem 1111 11 (1111111 1111 11111 cm 11111111, 11111 quie 111 1
1111111111 11111111111111, 1 cho 11111 testimoninm 11111 11111111 1 1111
1111111111,1111111111111111111 11 111 111111 1111111 11111 111111, 1
1111 11111 111 11111111 1111111111 11 (111111111111111111, cho por ragione
111111111111111111, 1 nostro 111111, 11111111 111111 111111111111; quello
1111 11 sareon grat· 111 1111 1111111111111 111111 01111111,111 111111111-
1111 personum, 11111111 (1111111, 111 dimon! tempi 1111 111 111 11111111-
11111111 1111111, 1111111 1111111111 1 11111111111 11 main. 1111111 1111- ,
11111 ei 11111 proclivi, 11111 il silenzio universale 11111111, 11 111 111111
(1111111111111111 pure 1 persona 1 11111111111111111. siccome ΙΙ cesi,
11 11111111111111111, 11111 procedente 111 111111 nmio, 1111111111
1111111111111111111111111 11111 11111 111 Aequanum 11ΙΙ’11111111,1
1111111 1111111111111 11111 11111111 111 11111111 11 111 1111111111111·
1111 111111 111 11111, 1111111 quello 1111 1111111 di 111111 111111111111

1111111111111. 1111111 pron di 11111111 111 11111111 11 1111 11111 viu
111 111111 Aulon.

11111111 (1111111 - Τ. vm. ¹ 52

 

