M = morano Α 61111110

001011101010 10 11100110 0110 000 010110 01 01111100 0100101111·
1100111. 1100010100011 dunque ii 0000110, 010 000 1000·
0110111111 111011010 000110 0110 1110000111 1110000 1010111 00
10110 0 000 10 0110 01110 0010, 0 11 1010110111 101 01011 01111·
01010110 ragione 111 11 100111 10000. 0110 0011 1110000 m
ii 101110. si 101111 1000110 0110 110 0011111110.

11110001 Andron (1) 001110 11100010 0 V.S.‚ 01 011010
000 10 0110 me 1011110111 101,10 000 0110011 011 110111-
1010. 10 111010 10000 00 01000 adagio porcio io 0010 0000
11010110 10 1110100 0111 000 11001010, 0110 (1011110 0101 01111 boi
10010. V. S. 11110000 0110 gli 101110 (10 11 10 10010 0110100-
010 00010010 100110 10 010110110111000 (1). 10 00 110 0011010
00100110 001 010001 110000110ιὶ (3). 00011 01111 0000100110

10010 101011101111, oo 1000010 011 1010 0000 1010011010 001-
0111 ὸ 101111 1101000 0 10110010 10 moni.

(1) 11000111 Andron 1011011011, 00 11011· 010010 di 010010 1101001100, 001110
011111000 100110 100 compositioni 0 1100100.

(1)101111111001010010000 cunzone, 0110 o 1100101010 0 001. iiio 10110
010110 10000110 110110 000 poesie.

d· 61110 1110001000010 ii 11101100, 11 00010 puro 1011000 000 (1001000 iu 1010
1 0100.

-Φ-

musmo Vim

110 Piso, 30 110110 111111 (1)

(Α 11110010)

11100001001101111110 di Golileo 1101 11 (10100 1, pog- 11) 11110010
intorno 10 0110 1000111ιο 0010011. 1100110 11100110 0 000110 importantium

proposui.

Con 10 1011010 di V. S. de'19 1011110 0 1000111010100010
di Padova‚ 11001οι11 10 01110000, 1000 01111101001111010

(⁸) 10011110. - 1131.11οΙ., Por. 1, T. 1, 0111001010.

 

