00010 1111 131

00010010 0 000001010000. 000 000010 10010 000010 menen
100000 11 0000110, 00001110 veramente 10 010000000 000 00010
1000001000, che aveva bisogno di nn 0000 0111 d' 0010 0 11
0001100010ηο 1’ animm 10 quale ·' non 01 100 001010 mettere.
0001010101101010010 0110 min 10000101000 1011110110, 000
001001001000100010 00001100 1000010000 (1). 0010 rin·
00001018. 11 vivo onore 011000· abbia 1010 10010 onore
0000000010 1000110110, 000 000110 0111 000011010010000110
0100001100010000010 11 100001 0001010110000000000100 11000-
1010 'in 100000, 1οΙ obe 10 0000 0001010 0 01000 001110101-
11001000, 00110000010001 000011 questo 1100001000οῑ0, 0100 011
00000100100110 onore per 11 10000 che 11 011 astronomiae
0110 1100010. 110 0000010 0000101010 1011000 11 1. S. 01
00001100 1101010000, 0 01 01101 che 1110000 10110 000 000110
gusto.

Le 10 001 000000 che 011 0110 010001 mi 0001000 11 si·
0000 Annibale Appiano 100000 00010 ordine 10 praga di
00000011 100001Ιο 1100101 10 nome 10110 1100011 13000000, 11
quelli ehe 100001 01000000 0110 10110 1100011 00010 1000011-
1000 101 1010010010 11 1100111100 00110 perenne 101 010. (10010
1001000 000 fratello. 0010 10010 000 questa bnonn bocca
0000110010000011 100001 (2). Ε ben 0000 01ιο Ι110000 quei
0011010101 11000001 00000 000000 001100000000001 100 00110 110-
0101, 01010000000110100 001Ιο 1011001, che 0001 010 11 10-

(1)11 110010110011000100001Ιο01000000010, nome ne 10000 1010 1 eom·
000011 0“ 10 100010, 00110 00011 00010001 10 0001001001000 101100 11 10100000.
000010 0110 000 110110 1000011100 10 00000010 egli 000 venne 0 0000 010 10110
001000 00010, contenente 000 101001001000 0611100010, 10 010 0001100100 1100
011000 01 1000000 vedum 01 000010 0000 10 001011Ιί0010 101 0100010, 000 100
0001100010ηο mette. 10 10110 11 101 10110010. h 000001000010,0100000-
10000100000 1000101 11000001 0011· 110110 0 00 1011010 provincie 11 0000, 00110
001000 10’ 1000 100011001, 001 1000 commercio, 00110 1000 10001 00. tinne 000
00ωο1010. 11 1000111 mutan, 1001100010 Gonane. 001 Fabio 101101 10
0010000010, 10110 promeae 11 1000100010 quelche velentnomn 1011ὴο
mne 0110 00000100 000 000010 promens· 000 venno 000101 0110110.

ωὼιξτέ 101001 10111000 0010 0110 1011000 101111001010101011 1100000000 000·

 

