[mm A (1111110

ΙΙ, 1111111111

00 000, 00 nmio 0000 (1)

(Α mmm)

100001001001101011000 11 (1011100 101 11 11088ῑο, 010 noi 000010 0
μς. 111 101 ’10000 1, 011 damamiani 01000000 1000000100οᾥ
prim 00101010 01 1010000 intorno 1011000110 801001,οςΙί 0000010 0110-
mre 1 0001 0111100001 degli Academici h’noei.

000 0000010, 0011000010οο 11 (100000, 100 01000010
10 0001100100 000 000 11 00101000 0000010101 000 0000, 01
0000010 0001010, 000 000 0000 000 1011000 0 00000 0110110
10000 0110 01111, 11 0001001010 000111000 101000000100010
10110001 (1), 000 010000 101 Ι0000011010 000010 000 000010
00100010 11 1111000, 00011 0101100010 000001010 0100 10001
101 000 0000 00 10 0100011, 100001010 000οη0000 01000-
000010,.0001100000011010000. 11 000 00100 000000 0000

00000 10110 000 00011101 1010 0000100οο100 01001 000000-

1010 01 000011001010. 11 11000000 0 10 1011000 0101000101·
0000 01 0000000 00000101,010000 1001010001011011000110
solari 0 0001001000 101000010110001 010000000010 010·
01010 (3). 111 10, 01 gli 01101 11000110 000011 0010010001-
0000000 0000, 0100 00100 000 00001000 10 000111 1. S.
per 10 quale 0 0000000 000 01 001110100100100 100011.
111010010 1 11 0100001001οτ0 questi veternosi 00110011 (1) 0
00101000 000 0101100 10 000 1000001001 0 0000000011.

11 010. 10010 10 001010 0100000 00100 0000101000010·
0010010010 10111 1 11000110 0000 000011001, 0 1001100000 0010

(1) 1001110. - 11811101, Par. 11, 100. 8, 001000010.
11) 10100101 00111 10 0000000001 101 110001.
(1110101100 01 1010000 qul 011010 0 10 00100 10110 801001. 101001 10

0010 1 0 000. 101 101 'tomo 1.
11) 1100100000 0010 01000000 00100000100110011 0010 100000101100110

00110100 10110100.

 

