’111110 1111 · ' ἔ 121

1111111111111Μ 1111 11111· 111111111111111 111111 11-
’1111“111ο111,·Ι 11111111111111111111111111111 11. 1111 ,11111 111
1111111111111111111 1111111111, 111 1111. 1111111 111 111 11
11111 111111. 1111111111. V.. s. 1111111ι11111ο11,.111111ο 11
11111 11111111111111111111111. 1111111111111111
1111111 111111111111111111 111111 11111111. 1111111,011111· 11111
1111111111111111--11111111111 111 11 11111113· ·

ἵ - Qun ’1111111111111111 11111. Antonio 8111111 che V. S.
111 1111111111111111111 111 1111111111 11 1111111111 1111 1111
11111111 111· 11111 due 111111.111111111.11111 11 11011111
111111 ion abbiamo potato 11111111111111111111111111111
1111’11111111111,1111 11111111 111111111111111111111111

11010 «θ» (¹)

1111111 8111111111ςηίῑί 1111 11 111111111,111111111
1111111111111 1111 1111111111 11111 1111111. 111111 Luna mi

11111, 1111 11 1111 1111 importante 1111 ln 1111 11 1111111, 11111 111 rima·
11111111 111111111111111, 1111111 1111111111 111111111111111 11111111, 1111
111111111111111111111111 1111111111 1111ο lom 1 V. S. 1111111111
talvolta 11111 testimonio oculato 1ο111 1 11111111, 11111111 u 111 111111, 1
lo 111111 mmo, 111 1111111111 111 mn 1ο 11111111 lo 11 credendo. 1111111 111-
11111 111 11111111111111111111111 111111111111 11111111 11 1111111111-
11111 111111111111, 11111111111111111111111111111111111 81111111 111 1 111-
1111111 (11111111 1111 111111 111111111 111111111111 11111 11 111111) che
11 11 Novom 111111 111 11 111111 11111 11 emto 1 1111 111111 111 accom-
mumulo 11 111111. 111 111 1111 11 11111 di 11111111ιί111 1111111, ohe 1111·
111 111111 11 11111111, 11 1111111111 1111111 ’11 1111111111 1111 11 11111111 11
1111111111111111111111111 mmo 1111111111 111111 11 sono 1111111111.
111 1111111 11 mbo 11 111 11 111111111,11111111111 su 1111111111 1111111111
11 111111111111111111111111111111111,11111 11111 11 11111111111111111
11111111 11111 1111111 111111 1111111111 111111111 1111111111 1111111111
11111111111111111111 111 111111 1 1111111 tono 11 1111111111

muto* **0 1011110111οω
mm W W·

1111111111 111111 1111111111 di 8111111 1111 1111111 1111 1111111111·
1’,11111 flam 111 1111111 111 11111111111 1111 11111 11 (1111111111 111
1111111 11 1111111 11 11111111 quanto 11 111 fu 11111111 111. 31, 311 11 111
11111111111111111111111111 eulaeo 11111111 111111111 11 1111111 1111

1111111111 11111111 mm, 11111 11111 1111111 1111111111 11 1111111111 111-
1111111 111111 1111111 111111 gudo. veggasi 1111111 un· 11111 1111111111 un·
1111111111 1111111111 11 1111 1111111 1111 111111111111111111 111 11 111-
1111111 1111, 111 1111111111 1 111 luogo.

01111111111111- Τ. vlu. 16

 

