ANNO 1111 1119

per mre abbandonam 11 111111111111 meritamente 111111 ¹
1111111111, 111 11111111 81 1111111111 11111111 11111111
per questo 111111, 1 111 quanta promam 1· 111111111111
in 1111111111111, , 11111 1111 1111111 111111111111111
potami 111111 11 11111 111111 commanenti 1 1111111111
mo. Por 1111 11 1111111 11111,1 11 auguro 1111111111
11111 onim· 111111.

*⁴¹*-

nmmo* 1118111111

1111111, 1111111111 1617 (1)

(Α 11111111

1111111111111111 gun 1111111 11111 1111111 11111, 1111111 11111
> 1111111111111,11 1111111111 1 suoi nwemrj 111 muno 11 11111111-
1111 11 Rom 1 111 111111.

La 1111111111 11111111 118. 11111 di 1111011111ςί1

“ qun 11111111). Placido 1111111 111111111111111111, 1111111
11 11111111,1 predicatore 1 1111111111111111.1111111111
111. 11111 11111111 gusto. 111111111 [1111111111 11 meriti 1
1111111111. 811111111111111111. Legae 1111111111111111111, ’
ma 111111 11111111 munroleopinioni, 111111111111111
1111111111 1111111111 ο11111111111; 11 1111111111111111-
1111 111111111111111111, 1111111111111. 11 11111111 ,1111111
11111111 111111 11111 1111111 11 11111111 superatum
s 11111111111114111118111, 11111111 diiungo 11 1111111111 811111,
111 1111111111, 11111111 11111111, 111111111111111111111 81·
mmo. 1111111111 111 11 11111111111111 111 1111111111

11).-1111111 1188. (111. Pur. 11,1111.11,1111ςη1.1
(1) 111 1111111 11 1111111 1111111111 11 1111 11111111 1111111111
1111111111111111111111111111111111.

 

