11110 1115 8117

1111111 11811111111, 11111111 111111111,111111 111111111-
1111 1111111111111111111111111111 11111 11111 chiesa.

1111111111,111111 1111111111 11 111111, 111111111111 11-

11111 11111 1111111 1111111 1111 11111· 111111 1111 1111111 11 11 ·

111111 11 pario 111111111111111111 111. (111111111111111111.
Ν11 111111 1111111111 111111111111111 111 1111111111 111111
111111111111 11 111111 11111 11111111111 11111111 superi
1111111 “i 1111111 111 11 11111111 popolo, 1111 11111111
1111111111111111111111,11111111111 1111111111 11111111,111111
walo. . .
-111111111111 111111 11111111111 111 1111111111 1111111111
1111111111, 1111 111111 111 11111111111111111111141111181·
111 11111 11111111111111111111111111ι 111111111111111111.
1111111111111111118111 (11.1 1111 veto 1111 1111111111,
111111 111 11111,111111 scrittori, ii 111111 1111111111 111111
1111111111111111111111111 111 811111Ῠ 011111, 111 11111 11
111 1 11 . 11111, 111111 1111111 11111111111111111111111111Ι
1111111111 111111111111 111111111111111111111, So 11·
111111111111 11111111111 111111.1111111111..8. ·- ·

11111111 11 111 1111111 jer 1111, 11111 111-1111111111
11111 ,11111 1111111111 111111. (11111111 nei 111111, 1111 1111-
111111 11111. 1111 vaire 1111111111111111 111 quinio 111·-
11111..11111 111· bo 11111111111 111111 1111. 1111111111 11.
1111 Ρτ111111111111,111111111111111111181111111111 ’
unio 111 benevolam-0 1111111111 11111 11111 111.
iim 11111 11111111· 111111 111111 1111111111111 11 11111
1111 111111111111111111111111111111111οωί, 11111 11 1111-
1111 11111111111111111 111111111.

(i) 1111 11 leiim 111 Prin 1111111111, 11111 11111 11111 ..fl „Cui 111111
1111111111· 111 1111 1 111111.

⁴⁶⁸*-

 

