362 tamna A· (11111110

1 lasci per 111 11 111 parte 1111111111111111111111ς111-
11111111111, 111111 111111111111111· 11111 1111111111 111
11111; 111111111111111 gasto 11 1111111 1111 111111. 111
111111111111, 111 Ι111 11111, ma 111 11 11111111 111111·
11111 111111111; 11111 1111111111, ,1111 per 1111111111 1111-
11111111 111111111111111111111,1111111 11111 1111111Ιί 1
gustos! ’11 11111111, 1111111111 111 ’1111111111 1111111111-
111111 per 111311111111111111111111111, 11 11111111 111111-
111 regola di non superare 111111111111111111, 111111, per
mni! 11 mm 111111111111111 11111111 1111111111.

- ’11 111111111111111111111111111111 111111 1111111111
1111111111 1111 111111111111 1111· 11111111 11111 'che
1111 111 111 111 1111111111 11111, 11 11111111 1111111111, 1111
111111111111111111111111111111 11111111111111 1111111-
1111111111 11111111 1111111111ῑ1ς 1111111111111111 111·
1111111111111 1111111111 1111111111111111
11111 eho· 1111 11111111, 111111111111 11111111 maiomam
111111 111 111 ’111 111111111111111111111 11111111
1111 11111111111111 1111111111 111111, mu 111111111-
1111, 1111 1111111111 11111 Fortuna, 11 111111 11111111 mag·
glor 1111111; 1 per 11 111111 ragione 1111111111 1111111111
1 11111111111111111,1111 1111 11 1111111111.

11111 1111111111111 111 mi 1111111 11111 1111111-
11111111111111111111111111111111 per 1111111111, 111111
elemento 11111 111111 11111111 111 111 perche comparando
11111111, 1111111 1 11 reputatione 1111111 1111111111111
quem 11111 1111111,11111111 degli 11111111111111 primi
111111111;111111 ragione 111111111111, essendo 1111111
11 1111111111 11111 11111 1111111111 111111 piene ed 1111111-
1111111,1111111111111 queste 11111111111 1111 1111111111
11111 111111 11111 1111111 padre (1) e 11111 Ι 11111 111·

(1) 111111111111111111 11111 111 111 11111111 11111611111111111111.
pur 111111 11111111, 111 proprio 11111, 1111111 1111111111111111111111111
11111111, 111 gun 111111 11111 11111111. 11 111111.

 

