ΒΜ mmm A (11111110

mi 00000 0000000110, 000010000 010 000 01 10 10011010 001
valentiori. , ’

- 000010 11101, 100000 010 1 0010111 100001001101011001
010 10001000 0001 000010 0001110111 10110000010110010·
Ι 0000000 0000 0001001001 ,0 sarebbono 11 000 0000 00000 01

Principe, 10110 00111100010 00011010 001 0001001000 00010-

0000. La (1000000001 00010010 00000· 10110 11100010 0 0100000,
0 10 100001001010 00010000 (1).
000010 0111 0100001 10100101011011001, 1000010 000 V. §.z
000011001000000100 00001011οο00εο 00010010 11 10110 001
5110000001, 010 01100 000 1001100000 010 00000111 111010
’ 0010000000011, 101000 11 10110, 01 00000 011· 0000101000 (1).
ΔΙ 010000 1000110 1010110 11101100 00010 0101110οϋ0010ιο
01. S. 0 011001001 01100 «00110 11 000 favore, sperando 000
1011010010000 molto 1000001000 (3). .
.. 11. 1000000100 (1010010, 000000 1111010101 (1000000100,
000010000το110000, 01 1 0000 100 , 01010 110000010τί 000
0001000100110011 0010011 001011 00110011. 10, 00000011 01110
0001100100 0010, 000 10 0010 1010011010000010, 00000 U
001 0000001, 00010010 (11 01101010100101000100101101 01
10000 1011010010, 001011 10 00010 010 1000 110110ου0001 000110
1000 11000100ῑο11οο 01010 10100010,11 0100100010 1000 10
001110 0100 00110000 (A).
000 00010 1011001 011 010000. 110010 0 V. S. 11 10110
00000 10 00011, 0 10 00000000000100001.

, (1) 1 11101, 101 00011 001 00010 11 (1001, 00001 0011011001101 0000010001
011 01 00011001 do' 1101101, 010 10 00110011000101, 11 01000111000110000110
1001100010 101001001000. 11 001005001101 10010000 001 10 000111 1 0000110001.
11001 11101 1100110010. ’

(0) E 10000001011100000010 00011100 0000111101 110001.

(1) si 01100100 0110 1001101100 11 000 1011000 10 Pin, 010 11 1000110 00000
100000 0011οο11010 000 000000 1111011100.

(1) 1010000011 0001001001001100000010100001 0001111 0000001 0110 10110100
1111011100, 0000010000. 111·111101011000 11 1001060110, 0 0101 100000110
1011000101 110100 11000111 101 11 1000010, 0 000110 1018000010 101 1 101-
10010 1011.

 

