62 terrenti A oetttsso

1 1111 1111011011011111 minoto 010 111 ono 1011110 010101101111
0111110110 11 iero 10110 in 1111 mete. (11100111111111111
10111001 discretore, 0010111 101 101010111 professione) (t).
111 1000110001 10101101· 011011011111 {erte 111 Perperna
11111110. Non 1111111111 11 procurare 11· 0011011110 111 quenti
1111111011 01111101111111 1101011110011111. 110 (1111111110
11111 11 111010011111011 quotie 1111111111 1111100110 cite
8011110111 011 110111110011110 di 11111111111 11110 11·
0101 1110110 11111 101 00111010, 01110110 1111100110 que·
111 1 5111110111 (1). 10 101110 00111010111101111111 dire
110 queste 101 011 11110110111110111111111,0111111 1111·
1111110100011 11011 1111 11110 111111111100101 01110011
11 0101011110 111 11101010 1011111111 e 111101100011111111·
101110 11 1110100 110 11111 011 1011111011111111, 11110011
, 10111 111 011111 0100111 (3);111011 1111011101101001110
11010011 1111110110. 11110111110111111 poor 10111 invidie.
V. S. 100 debiti 11101111 111111101110 11 111, 01110 1111
11 101111 111 11 1011011110 011 111011.

V. S. 1111110 111 11 11110111001111 11111100 11 110101

1111111110ιο 1111011101 (1), 0011111 101 111111111101111·
11101 0111111111111101011111 V. S. 11011111 11111111 11-

(t) 1101 10 mortrado! 1011101 1101101110 che 0 11 0111011 11111010
011110 intorno 1101111 1111111011011 11000111 1 satelliti.

(1) 000110 periodo 11 11000 111 111 importante enervatione, 11011110
11 10111111010111 111 1001001101111’11111110,11111110010111 100 11 mite 11
0110011111 0110 potrebbe 1011111111,111101110 10 11011111011 1110 10111110
11 111101111011110, cho 101101101011110111 111 1011110110, 11 100110 11 ia·
00110 101110 11 scrivere in 10110101 110 0111110111, 0 ohe 11 1001101111 (ii
anie 011111 11111110. senza 1110 1· 11111110 10 1100110, come 10111110 0111 in-
11111) 11 10101111101111111101110110 1111111 111 1110111, 011111 1100000111
11111011101111111010101011 111 oppositione, 01111 quote 1011 1010111111
1011111111. 111 010111001111111011 10111000 0111 11110 dinanzi 1111111
111011111001, cite 0111 0111011111110 11101111110.

(3111 1110110 011 11111011111011, 10110 1111010 abbiamo 10110.

(1111111110 1111101111, 11111100 1011110011οη11 11 (111110010ωο 11)-
111110101110111101011010111011110 1 110110 0011111111ιο 111 vet. t. Penio
Guoido, 1011010010 111110. vincento 1111111111011 01111 11 ini: initantum·
11111 Leonis X! 1100111 Pontificio eieri'trinrot 00110101, juvenis 0111111111 om·
tissimus, 011111 1111111111 1011 unire 11110011 (10111111, 0101101011 11.

 

