111110. 1611 11131

1, 1111111111

111 nm, 23 111111 11111 (1)
- (Α 1111111)

Naen’mbm 0111111 ohe 11 1ῲί 11111111111111 mun i [1111111
11181111Ιί11 11 61111,11 conforta 1 111 perdere 11 111 tempo 111111-
111 og! 11111111, a 11111111111 1 quella 1111111 puoh& 11111 11111
vm& e unm 11 111,

. ,111 mio Ι11 1111111111 molto virtuoso 1111111111 (1),
11111111 11111 1111 11 11111111111111111111111111111 11111
111 111111 11111 1111 1111111111 Luna 111 811111,111111111
11111111 1111111111 1111 1111111111 11111 1111, 1 11 111.-
111 111 m 11111 11111 1111111. 11111 1111 che poco im-
11111 ΙΙ1111111 1 111 11111 11111111 111111 questo 1111, 111
11111111111111111 11111 1111111 11 11111 11 1111111111,

81111111 111111. 1 111 11 questo 1111 tutu 11 1111, 1 per
1111111111 111111111111 111 111111111111 111 1111111
1111111111, sporn 11 111111 11 111111111111111 111; 1111-
eto 1111111111 11 11 11111, 1111111111111111 111 1111111
111 prom professione 111 1111111111111111. 1111111 V. S.
1111111111,111111111 11111 111111111111111 111 11 111 ritro-
1111 (i 11111). nondimeno 11111 1111111 111111111111111
11111111 11111 111111 1111111111, 11 11 111111111 1111111
11111111,11111111111 1111111 1111111 111 vi 1111111111,
111 11111 11 primo, 11111111 11111 stato 1111111111111(11111111),
’111 ’1111111111 11111,1111111 111111111111111111 da
111111111, 111 1111 11 11 11111 11111 111 mlo 11111111
proprio.

(11 1111111. - 1188. (111, 111. 1, 1. 1, 1111111111.
m 92,QO Gionmbauisu 1111111, 111 quale memo 11111 1 1111111

 

