cnouowfflco 11111

11111111 esau .......... 11111111 1111 (111111) 111. 111
110111111111111111111111111111. . 1111111 1 (ewa) 1 111
11111111· 11 0111111111 1111111111. . 11 1 1 1 1 1111
1111111111 11111111 Samni. . . . . 171113ςί1 1 1 1 111
11111111ῦί11ῑί .......... 11111111 1 (inedita) 1 111
11111111 Antonini ......... 11111111. 1 1 1 111

111. 1111111 machi ........ 1 1 1 (11111) 1 117
11111111 (311111 .......... 11 1 1 (inedita) 1 111
(111. 1111111 wethi ........ 70111111 1 (11111) 1 171

1111111 1111111111 ......... 11 1 1 (11111111) 1 171
(111. 11111111 ,11111111 ........ 11 1 1 (11111) 1 171
11111 (111111 ........... 1111111111. 1 (inedita) 1 111
1111111111 ........... 1 1 1 1 1 111
11111111 11111 .......... 1 1 1 1 1 111
1111111110111 ........... 1Μ111. 1 1 1 111
cimmo 1111311111 ........ 11 1 1 1 1 111
11111111 11111 .......... 11 1 ”1 (11111 1 111
1111111111 11111111 ........ 11 1 1 1 1 111
1111111111ιί ........... 17111111 1111 (11111111) 1 111

1 1 ....... 11 Aprile 1 (edita) 1 111

1 1 ....... 11111111 1 (1111111) 1 111

1 1 ....... 17 1 1 1 1 111

1 1 ....... 11 1 1 (edita) 1 111

1 1 ....... 1111311 1 (inedita) 1 111
111. 1111111111 1111111 ....... 1 1 1 1 1 111
roderico cmi ........... 1 1 (edito) 1 111
1111111 1111111111 ......... 1 1 (inedita) 1 111
1111111111ιί ........... 1 1 1 1 111
111111 1111111111 ..... . . . . 11 1
(iio. 1111111 machi ........ 11 1
1111111111111111111 ....... 1 1

11

1)

11

1 1 1 111

11

D
1111111111ιί ........... 111 1 1 1111

11

t

11

11

11

1

(edita) 1 111

11111111111111111111 ..... 1 . . 11 1 1 1 111
(111. 1111111111 sagrada ....... 11 1 1 1 111
111111111οοί ........... 1113111 1 1 111
11111111 conti .......... 7 1 1 1 111
11111111 cesi ........... 1111111 (11111) 1 111
(11111111 Confi .......... 11 1 (11111111) 1 111
1111111111 .......... 11 1 1 1 1 111
roderico 1111 .......... 11 sotum. 1 1 1 111

1 , 1 ....... 11 1 1 1 1 111

1 1 ....... 1101111111 1 (11111) 1 111
111111111111 ........ . 1 1 1 1 1 111

 

(1111111111 1 111 ,

