· 11010 1010. -

1100001000 000000 ·

00 10000, 0 1000 ’1010 (1)..

(Α 1100010)

’Μυο0000010 0011,’0100,“1·0000(101100 ,001100011Ιῦ0 0110.
00000 0000000101001 ilnsinjzioemodllni. oin’vooednlwduinm ,

00001110μί 000000 , μ’.. ’,ἡ 3.. ἔ,
1 0000011 01110000 00011 10 0001010 11 οΙ, gli 001101
00011’·’10000001100000000;0000000 00000 100 01100 01
000010 1010, 11 00010 1 00-’00000 0110 10· m* 0000010110 00000
00000100000110110 0001111 10000000 (21110 001010 01101,οῳςο

10 {mmmm 5. 0100000010 01110 0001110, 0100110000 ·

1000· 0110 100110·ῑο11111, 0 01101110 1011000000ιο 00 00 00100
0001100 0110110050000000 000010 modo 01 1000, 0010010010
00000 , ’0100000 10000000 , 0110 ’00000 00 gran 010100 01 rarsi

00010010· 00οῖ000 001000110. 11011 1110 00010 10010 000 0010, ’

0 01 110 0000010 0 0100, 0110110000 0000 0110011 1ιο 00010
00101000000100 0110 40001110 00 V. S.', -00 000 00 010000 11ιο
100010 111- 00. 000 00010 00010000, 0 000 000110010000110
000111000001 100 01000000, 0000 0110 101001000101110 110
101000 011100111010110,Ι 0000111 1010000 - 0110 00 10010 01
5. ’1010110 0 101, 0101 0010 (110010 011011 00101010001000) 00
00000010 00 11100110 (1) 0000 000010 0110 0’ 01000 0000001 (1),

(-1) 100011οζ1158. 110111.. 1100. 1, 100. 1, 00100001οἰ

(01110010 0001100010001510] 100001 00100ου00010 0 000101 10 000100
0101010000. 0100110001.

(0111111000018101 1011101010 11100010 ,1000000100 00. qua 1100001
1100011 000100 00 0001000 1110110110 vanus 00001100, 10 1010111 01000010 10
vomi· 001 001001010 001 1111· 1110000 000000010 00 010000 0111100110 00010
1000001000001100001010110.1101000001 01 00100010 11 5101100010υο 10
000110 0001110 000100 10 00101000 0 10 0011100000 0011·1101110.00001000ιο
0010 00110 0011001000 01 1010001000, 0 00110 propria 00000110 100010 1000
1100 001 1110101000υο 1010000 0 01110 10110 m 0111001010 0 (1011100101
00 marzo 1111, 0110 000 1100000110 0011 argomento 0000000 0110000.150
00110001. .

(1) 10100110 1 11100011 11001001, 00010 1 00101110 01 111000.
000001100001-1. 11111 11

 

