1111101010 32⁰: 101

111 11110 011010 0000111110 0110 11 1111101111.·.811.110111100011-
primore 00010 10101010100110101111000, 000111111010110110111
00110 01 10000 10011011 1110 0101 1101110010 (1101111011 1111-
1010 0111 monarchia (1). (100110 1011, 0110 ὁ 0010011110, 01
1. 8. 000 11000 1110110111 (10 11111 0110 111 1010 0 1010 110
000100110101010011,110001111111011100101110001,11001· ,
1101 00101000010 mei abbia 0000001010, 01101 1110 000110 leaf· ,

0010. ci 1 101001011010110,0110 11 1110 000 (1011010001010, ’

0110 abbeie 00111 11111 00010 1 00100011 0110 1001000 0111111110
11111111 01111, perche 0111, 00010 000011 10001010, 000101- ·'

1100 01000 11010 mei 11011010 0010001100, 0111 0011110 10
00010100010 101 (10110 111101. .
10 011 0111011111 1001110, come V. S. 101 00001100, 11

quelle 1011010 1011110 11 11010101, 10 1000111101011110 000
10110011111001 11οΙ 1101100. 110 01111110 0110 10100011110011-
0010 110 ο 0011110 10110 11 1010101101, 0110 1111111100 011
0011110110 111111 01111 0110 101101011101000 0110011011110110
&Vsm

· Quanto 0111011010, 111111111οι100 1· 11110110100101101110,
0101001010 00000111110010Ι 1 0111, 1101 11011 1010001010
1100 100110100, 101 (11111010 0111010111 111101011οο-
101001οῑ0 0 101100010 111 V. S. 0 111 queste opere 110111οο100.
00010 ὁ 111110 (11 00 predicente 10101110, 001110 0001110111,
1100 000011 111 (10110. 10 11010101 010110111 l' ultime 11
V. 8. 000 110 000010 01011 0001011111· 01 1011010, 1000 11 ri·
0011010010 ei 000111, 110110 111. 11011Ιο10 011 1001001111
1001110111 11 101101οᾱ1 V. S. 0 101 01 01111111011000111101·
11010 0111100110, 1100000011 signore.

1110111110 011000111101101011 11110110101101110010011011111100111110111
8001010011111,10100110 001100 01111010101111111011011011 1111·0001100011010
101101 001 1110110110101111011 10001111001101100 111101111111111011111111111,
010 100010 1010010 11101 000 1111010101110 100 01010100100111110010111101·
1010 0110 10 00111011 11 10111001 e 1101 1010.

1011100111 0001101101010110110 potrebbe 10111111, per 10 10110111 0111010
11101010, 000 00101 11010 1011101000001101001000, 10 001 interveniente 11111
10111, come 1011101110, 000110 110110 110110 10111010.

 

