228 , 111111111111111111

11111111 vedere 1111111111, 111 11111 1111111111 11111111
1111111111111 1111111111 1111 111 1111111111 (1).

V. S. 1111 11111 11 nuova 11111 11111 1111111111,1 11
s 11111111111111111111111 quanto 1111 mia, 1111111 11111
111111 111111111111111 V. S. 11 nostro 111111 principe 1111-
chose Ceti.

1111111 a V. S. 11111111111111, 1111111111 11111111 111
’ 11 1111 11 V. S.. 1111 tenta 1 11111 (2).
⁵ 111111111111111111111111 1111111 1111111 11111 11111111
11111111 11 1111111, 111 11111 1111111111111 11 11111111,111
questo 1111 111· 1111111111 1 1111 parte 1111111111 11111111
1111111, che 11111111 1111111111 11 11111111111(3).81111111
11111 11 1111 1111111111111’11111111111111 mtmpettmm
e non 1111111111111111181 por 111 to 1111 111111111111
mant 1 11111111111111111 1111111 111111 111111111111111.

(t) 1111 111111 1111 11 1111111111 1111111111 111111 11111 1111 tom
1111111111 111 11111111111111111 111111111111111111111 1111111111 111 111111
1111111 111111 11· 11111111, 111 11111 111 1111 1111111111 11 1111 111111111
1111111111111, mn 1111111111111111111111111111 importantium 11111 muto t
1111 princip] 11111 111111. ct 11111 1111 11111111 como 11111111, nott· 1111
1111111111 1111111111, 11111111 1111, 111 111111 11111111, (1111111, 1111111 111
principio 11111 11111111 11111111, 111 1111111111 1 1111111111 1111111111111111
1111111.

(1113111111 111111 1110111111.

(1) 111111111111111111 11111111111 111111111 tt 1111111, 111111 11111
11111111111111111111111 11111 8111111111, 111111 1111111111 111 111111111111111
111 1111111111011111111 tt Δ11111 1 (11111111

1 Non ho vitto tt 111111 Luca 11 non 1111 1111 11111111, 1111111111 mtto
1111111111 1 11111111 1111111111 111 1111111111111 111111 11 111111111111 d-
111111111111111111, 11111111111111111111, 1 11111111111111 11 1111111 11111-
» 11111 1111111 11111111 1111111 1111111111 1 111111111111111111 111111,
· 11111111 11 11111 troppo tn 11111 1 111 umore, 1111 mi 1111111, perebo

» 11111111 111 11111, 11111 11 11111, 1 1111111 1111 11111111, cho 11 11111 11
»questa 11111111, 111 11111 1111111111 1111 che 111 111 molto 11111111, 111·

11111111111111111.011111111 11 111111111 1111111111 1 111, 1111111 111
- » 1111111111111111111111111111111111111 1 -r

-Φ-

 

