112 111111111111111

1111111111111111111 11111 opere. 11111 11, 11 1111111111 11-
1111111111 1111111111111111111 111, 1111 11111 111111.
111111111111 11111111111 1’ 111111 11 111 111111111111-
11111111, quanto 11111111 1111111111 1111111111. 1111111111
1111 11111111 che prende 11111111111111111111111,1111111
1111111111111 lanto 111111 11 mia 11111 quanto 11 mutar
1· 11111 proprio: 11 1111 V. S. 1111111 111 complemento 111-
11111111111 11 111111 1111111 Ι Α

11111111 ancora 1 111111 1111111111,11111 1111111111 11
111 1111111111111111 1111111111 111 11111111 1111111,111-
11111 111111 11111 111111111111111111111, 1 1111 11111
11111 11 1111,111’111111111”1111111 11 11111111 11 pym-
11111, 111111111111111111111111111111 11 111111 1111111111
11 11111111 111111 11 ρ11111,111111111111111 1111111111111 11111
11111ιί11111, 11111111111111111,1111 111 11111111111111-
11111 11 uiaque fibri„ ’

1111111111111111. S. 1111111, 11111 11111111 1111-
11111 ·111111111111’,1111111111 11 1111111 1111111111. 11111 1111-
111111111 111 1111 11111111 V. S.⁹ 0·s’-'appareochia 11111
11 1111 11111 811111111111, 111111111 1111111111 11111
1111111 11111111, 1111 111 11 fanno 11111111111111111111 1
1111111111 1111111111 (1). So V. S. 11111 1111111 11 111111111-
11111 1111111111, 111 11111111 1111 111111 1111111 11111111
1111111111 11111 11· 111111 1111111111 111 111 stato, 1 1111
111 111-1111111 11111111111 111 1111111111111111.

(1) 1.*1111111 11 1111 11111111 11111111111111111 11111111 11111 111111111,
11111111111111 11 111 1111 e 11 11111111 11111 1111111 1111111111 111 pm·
11111111 1111111111 11111111111 111111111, 1111111111 11111 quusi 111 111
1111 1111111 111 mariun 111111111111.

σι.-

 

