111110 1619 425

11111111 11111 111, 1111111111 113. pom 111 ogni 1111111111·
111 1111111111 11111 1111111111. ,
0111111 1111111 1 1111111111 11111111 11111111111111

11 111111111111111111 1111111, 1Κ 11 11 pagas- 11 opem
1111 111 11111 flung· yffi 1111 11 (11111111Β111111,1Ι(111111,11
111111 castellaniam, 1 molto 1111111111 ma 11111 1111111
grando 1111111111 per ragione (11111111111111, 1111111111
1 1111111111 1111 un 11111 (1111111 111 sig. (1111111111 111
11111111, 11111 11 sono 1111111111 logni, 11111, 11111111, spade
111 1111,·1«111111111111111 1111111111 servitori, 11111111,
1111...1,1111111111 1111111111 1111 11111 111111 1111111111
11111 11 nono 11111 11111 1111111 11 nono 11111111 1111 eomun-
11111111 1111111 1111111111, 1 111111111111111111111111
1111 11111111 11111 11 11111111 1111111111 111 11111111 1 111-
cludet 1111111 111 loto. 111 1111 111111111111111111111111,·11
1111111 mi 1111111 11 eopia (111 mio 11111111 (1) mono
⁴ 111111,11111 111111 11111111 si 111111 mandat oon questo.
111 questione, 1111 mio 11111, 1 11111 11111111111111111 111
· voluto 11111111 ρο111111111111 1111111111 1111 1111111111 (1), 11
quale 11111 mi 111 [1111111111 111 11111111111111111111118.
1111111 oi 111111111111111111 (11111111111111111 me.
1111 1111111111 1111111 1111 quadri 111 1111111 111 11111111,
per 11111 11111111 111111 bem 111 1111111111. 81111111111
11111111111111111, 111 111111111111111 1111 1111111111 monn ’ ·
1111111111 gli 111111 non sono (1111111111111 [111111 11111111
1111111111, 11111 non 11111111 111 111 (11111111 11111111 (111 “

111111 11111 11111111 11111111111111 11111111 1111 11111111111111111111· ,

ητοῗα 11111 offlam 1111 coph 11 11111111 1111111111 11111111 por 6111111111
’111 ο 111111 11111.

- (1181111111 1111111111 111111, 11 1131111111 1111111111 111111 11111 11
donna. 11111111 111 11111111 11111111, 111 11111111111111111,111 1111111111
’11111 ο 1111111111, 11111111111 11 questione 1111111 po} 11 (1111111111 111111
111111111111111111111611111111.1111111 11111 111111 tummim 1111111 doum
1111 1111111111, perche 11111111111111111111 111111 enredo, 111111111111111·
11111111,1111111111111 1 11 1111111 11111111 11111111 111 quotu 1111111111 pu·

11111 coru gun 11111111 (11111111111 per 111111111 11111111 111 111111 11·
υ 1111111111, 1111111111 111 1111. 1

Gamo 6111111- Τ. vm. 11 ,

 

