311 mmm Α ummo

Aguilonio gesuita (1), 11111 1111111111111111111 1111111
111 ho voluto 111111 1111111111111111 111 1111111111,
11111111 111 ho voluto 11111111111111111 111111111111111 (1),
Mi 1111 perd grazia V. S. Ε. 111 1111111111 111111,ροίοῶ
11 sig. 1111111111 11 1111111 1111111111111111111111111111
1111111. 111 111 presto nuova 111111111111111111111,1111 111
1111111111 11111· 11111 cosa, 111 11111111111111 111111-
11111, 111111 11 11 presente 1111111111 111111 11111111 11·
11111. E 111 111 11 11111 111 signore 1111 11111111 1111111
11111111.

Ρ. S. 11 11111111111111 111111111111111111111111111
111 11111111111111111111, 1111111 11’ 11 11 11111 111111·
1111111 11 11111111111111111111.

(1) 11 111 11111111 11111111 1 1111111, 111111 1111111111 111 111 11
111111111111,1111111111111111111111111,1111111111 111111 11111

1111111 111 11111 111 w 11111 11 1111111111. ,
11111111111111 111111111111111111111111111 11111111111111 11111111

Ammon 1111 1111111111111111111

¹ 11111111101111601111110 y ἱ
· mmmmm 1111 (1) ·

11111111 1111111111 111111 11 11111 1111111111 11 11111111111111111
111 quat· ogni corrinpoodem 111 1111111111.

111 1111111111 11 1111111 di 11111 1 parmi aver molto 1111 av·
111111111111111111111111111111111 1111111111 111 11 quan 11
11111 111111111111111111 111111 1111111 1111111111111111111111
11111 11111 11 111 1111111, 1 111111 11 1111111 111111 1111111111 11
11111111111 1111111 111 1111 11111111 11111 11111111 11 1111111111
111 11111111 11111 1111111111111111111 11111 privo 11 que! 111
11111, 1111111 111111111111 11111111 1111111111111111111111 11
1111111111 11 1 11111111 manco provallo 11 quello 11111 1111111111

11) 11111111. - 1181. (111, 111. 111, Tom. 111. 1111111111.

 

