110 Lamon A (11111110

dono 11111,·111 (111111111111 11111, 1111 11 11111, 11111
1 11 mlo 111111 1111 11111 1111111 11111111 11 1111111, ohe
bioogoorla 111111 11111111 111111 111111· o 111 11 moniti,
11111 1111111 11111111 1111111111 opinione, 111 egli 11111
11 propria.

Gn ho 11 1111 1111, 1111111111 11111111111111111111
111 111111 1111 111 111111 11111 (1),111111111111111111111
11111111111111. gli 111111 vostri (2) 1111111111 1111 11111
1111 11111111 1111111111. 11111 111 11111, 1 quondo 11111111
11111, 1111111111 111111, non 11 11111 1111111 111111111111
11111111, [11111 1 1111111111111111111111111111111 1111111
posto. lo non 1111 regioni, 11111111 11 11111 1111111111
bon diro: 1111111. S. 11 111111111 1111111111111. 111111
11 111 1111 (3) 1 gran fondamento 1111111111111111111-
ventuto 11111 1111111111, 1 1111111 111111 111111111111111
1 V. S. 11111 11 11111,111111 1111111 111 1111111111 comv-
11111 1111111111.

Ι111 111111 11 111 1111111111111111111 111 11111111
Son 1111111111, 1111111111 11111. 1111 virginio 01111111
quo! lettera 11 111 11111111,1111 11 11111 11111 (1). 011
V. S. 111 11111111 11 111111 1111111 111111111111,111111
111111111 ogni orontem preparato 11 ogni 111 111111
11111111111 11 11111, 11 1111111 11111111 11111111 111-
111110.

⁴ (1) 11 81111111 11111111.

(fl) 011111 111111111111111111 1111111111 1· 11111111 frequentissimo
111111111, 111 11 111111 1 11111111111111 111111111 1111111, 111 1111111
1111 1111111111111111111111111111111111 1111111 111 1111 1 1111111111

22:1¹: ¹uncinoli 111 11 1111111 1111111111111111111 formo 1111 111111111111
1 111.

(11 11111111111 morml.

(1) 111111111111 11111111111 1’ 1111111111 11 pio 11111 1111111 11111-

mamam 1111111111 11111 1111111 111111111 1111111 osclum-etto 1111·

 

