> ⁴ 81 11111111 11111111

Porta (1111 1111111111 11111111111111 11111,11111 111111
trovato 1111111111111111111, non notante 1111 1111111111 11111
11 contrario, sforzandomi 11 1111111111 1111111111 tm
1111 11111111 11 Porta, 11 qunto non 1111111111 111111 1111-
1111 111111111111111 11 manco 111111111111111111111111,

11111111οεί cho orano tutto 1111 1111111 11111 onst 1111111
in 1111111111 otnvano stampato 111 111 111111111111111
11111 11111 1111111111 1111111111 1111111111 11 S. tt„ 11
quate, 1111111111 1111111111 1111111111111111 moon 111 111·
tondere 1111111 (l). Ἴ

11111111,11111 bone 1111111111 1111111111, 111111 Porto 11111 1111111111
11111 111111 111 (11111111111111 11111 qun} 11111 veramente 1 otmunt
compoto tn questa 1111111111, 1111111 11 111 11111111111111111111111111 11
quelche 1111111111 1111111111 111 8111111111.

(t) Cin 1111 111111111 1111 (11111111 11111111 11111 111 1 111111 111111
111 proposito. ’111111 (1111111111111 11101111111111, 11 11111 abbone 111
111111111111111 111 11111111 1 111 11111111 1111111111 111 1111111111111-
1111111111 111 pasto 1111 1 11111 1111111111 111 111111 171111111111 1111111111,
o 11111 11111111111111 111111111 11 1311111111 Wolfio, 1 1111 111111111111111
111111111111 1111111111111 1111111111111111111111111 11 111111 11111111,
cho 1111111111111111, ptimo 11111111111111 1 1111111111 1111111111 (111 11-
11111111, 111 11111 11111111 111 111111111. 11111111 11 1111111111, 111111
qnt 1111 11111111 111 111111 11111 111111 1 111111 1111 1111111111 11111-
11111 (1111111111111 111 1111111111 11111111111111 1111; 1 111111 11111111
1111111111111 11111111 11111 11 11111111111111111,111 11111111111 111·
1111111111(11111111111111111111111 111111, 111 t 11111 not-tommo 11
811111111111 1111111111111111111111 1111 Δ1οιιο 1111, 11111111 11111111
nomo 11 1111111 1111111, 1 11 111 1111111111 111 11 §ottonom 1111 111111-
111111113111111 1111111111111111111111 111111 11111111, otto 11111111 11
rompono {ra 1111111111111111· 11 mosten. 111 111111· 11111111 1 11’ 1111111 1111-
111111111111111111111111111111111111 111 quma tutamento 811111
ι· 11111 1111111111111111 (1111111111111111 1 111 11111111 111111111 11111111·
11111111111111111111111111 1111111111111111111 111111 1 1111. (111 1111,
n 11 Venturi Pu. t, 11111111.

Aporofltttnmo 111 111111111111111 11111111 111111111 111111111111111·
111111111111111 11111111, 1111 (1 111111 11111111 11111111111111111 1111111
11 Gionn 11111111 Porta, 1111 11 11111111 o Lornnzo 111111.11111111111
11 toto, 11111 1(1 1111111111, 1 11 111111 11 1118 oet 1111 1111111111. 11
1111111,11111111111111111111, 1111111111 1111111111 portu, 11111 11, 111
11111111. Ln risotnztono (1111111111 1111111111 111 Portn 1111111111 111 11111
otto 1111111111111.1)11 1111111111111111111111111 111 111111 11111 11111-
oro 1 111111 1111111111 111111 11 un 11111111111111 11111111 11 1111111111
tt 1111111111111, 1111111111, [1111111111 111 1111111 11111111111111111.
1111111111 nominato 111 1111111111 111111 11 11111111. 011 ecco 11111 tt
Ρθῐίι, 11111 1111111111 111111 111 11111, 11 1111111 tonum Bopttntn Portn

 

