ANNO iiiiii , 125

nimionimio

lm mmm [ΙΠΙΙᾸ 111 nuno

iii 111111 1111111, nennio 11 1111111 1111 111111111111111111
111111111111111111 111111 nei 1718, 111 1111111111 111 venturi
(111. Lm. 1111, nonen 1111111111 111 1 1111111111 11111111 1
111 11111111 nomme 1111 111111 11111 1111111, 111 11111 111
non 1111111111 1111111 111 1111111 11 11111111, 111111 1111111 11111
11111 ie 1111 11111 11111 11111111 1111 11111111 11111 1111111111
111 1 11111111 11 11111 1111111 notizie (111111111111111111111
111111111111 11111 1111111111 11111 111111111111111111111111111
11111111111 111111. ii 1111111 111 11111111 11111111111111111111111
11111 11111111 111111 111 111 e 11 inito 1111111111) 111111 111·
1111111111 11111111 11 11 ioogo 11111 11111111111 111 9111-
1111, 1111 1111111 10111111 ’1111111 111111 11111 11 speranza
11 111 11111111 1111111 11 ¹Gniiieo, 1111111 1111111 1111111111
111111 11111111 1111111111 quelle: 1111111111 non 1111111111-
11111, 11 oi 11111 111011111111111111111111111111111111111-
1111 oi venene, 111111111111 11111111 1111111111111111111111111
111111 11111111, ni 1111111111 1 111111111111111111111,1111
11 111111 11111 eone 11111111 11 111111 non gii 111111 111 11 1111111,
1 ie 11111 11111 11 11111 1 monitioni-e.

Le' 1111 111 11111 11111111, 111 1111111111 edizione 11 111111,
1 1111 ii Veninri argomento 1111111111111 1111 1111111111 1 111111
11111 0111111, 11 1111111111111111111111111111111111111111,
111 1111111110111111 1111111, 1111111111 1111111111 13111111·
1111 1 111111 1111111111,111111111111 11 Saturno 1111111111, 111
in 1111111 1111111111 nelle 11111 11111111 11111, 1 1111111111 111
notio 1111111111 11111111 1111 soei 11 Venere, 1111 ei 11111111 11111
1111111. B 11111 ene 11 1111111111 ordinaria 11 11111111 1 Prono
1111111111 1111111111 1111111111 venii 1 111111 1111111111111,
11111111 111111111111111111111 dein 11111 presente 1111111
giorni 111111111111 111111 111 13 novembre, 1111 intorno 1111
1111 11111111. -no 1111 menone 11111111111111
1111111 11 111111 1111111111111111111111, ohe quonia non 11111
1111111, 1 1111111 1111111111 11111 edizione 11 111111 11111 11111111
bozze 1111111 111 1111111111 11111111.

 

