454 ’ 1111111118 1

111111111011111 ......... 11, 1111101110 (indiga) 1110. 11

1111110011111110 ......... 11 1 1 1 1 11

norm 0 11111110 ......... 01111110 1 (11111) 1 11

1 0 ....... 11 Aprile 0 1 1 111
’ ....... fl ’1 1 1 1 71

....... 11 1111110 1 1 1 11

nmmum ......... 1110110 1 1 1 11

11111111011011 .......... 1610100 1 1 1 71

11111100 11111111 .......... 7 1 Δ

1110. 10101110 11011001 ........ 11· 1

11101101101101 .......... 11 0

1110111001011011001 ........ 11* 1

martino 11111111 .......... 1 101110

1110. Antonio 11011001 ........ 0 1

11111110 11111110 .......... 11 1 1· (01110)

’ 1101111110 8011101 ......... 7110110 1 (inedita)

11101100111001110 ......... 1 1 1 (caua) 1 11

muro 0 1111111010 do' 1111111. . . . ... 01101111 1 (11101111) 1 11

'‘ 1111110011111111 .......... 1110110 1 1 1 11

1 1 ....... 17 1 1 (01110) 1 111
101001081011111 .......... 11 Saltem. 1 (inedita) 1 111
81011111001111111 ......... 17 1 1 · 1 1 111
01011101101111101 ........ 11 1 1 ·1 1 111
10101100 1111011 .......... 10110110 1 1 1 111
10011111110 ........... 11 1 1 1 1 111

1110111101 11001010 ......... 15 0 1 (edita) 1 111
1111110110 01110111 ......... 5101101111 (imma) 1 117
. lodovico cigon .......... 11 1 1 (edita) 1 111
01111010101111110 .......... 17 Decem. 1 (inedita) 1 110
11111100 11111110 .......... 10 1 n 1 1 111

1110110111 11101110 ............ 1 1 (emta) 1 111

1 0 ....... 0111011110 1111 (inedita) 1 111
111010100101111111 ........ 11 1 1 1 1 111
1111011001101110111110 ....... 11 1011111110 1 1 1 111
1011010 11100111 ......... 1111110 1 1 1 11
Daniele Antonini ......... 11Αο1110 1 1 1 m
Ptolo 1101110 ........... 61111310 1 1 1 111
1 1 ....... 2⁷ 1 0 1 1 111
001110011111100110001101011. . . 11 0 1 (edita) 1 111
(1101110001001111010. . . . . . . 1 1 1 111
11101011 Antonini ......... 1111101110 1· (inedita) 1 111
10101110 011011 .......... 1101110 n 1 1 111
federico Cosi .......... 13 1» 1 1 1 116

 

