108 1111111111111111

11111111111111 1111111111111111, 1 111 11111111 1111
111111111111 1111 111 11 1 111111 ,11111111 11 ,1111111111
11 111 modo, 11111111111111111111 1111 11111. 111111.
’111111111111 modo ii 111.Ι 11111111 11111111 1111111111
11111 11111111, maio 111 111 11111111 111, 1111111111111
11111 mio 11111 1’ 11 non vodo i 111111, 1111,- pur, 111111
1111111111111111 111 11 1111111 (1). , ,
111111111111111 11 dire a V. S., 1111 1111111 1111111
11111 11 1111111111 11 ,111111111111 11111111111111111111111·
111111111111111111111, 11 11111111 11111 111 11111111
. 1111 pii 11 1100 11111,111111111111111 111111111111111-
1111111 1111111111 11111111111111, 111111111111111111
111111 11111111 11 111111,11111111111111111 11111 11111,
1 111111111111111 1111 11 11111 tempi· mi 11 11111111 Α111111·
111111 111111 11 11111 111111 111111 11111111111111 111111
111 11 1111111111 11111111111 111111.111111.,11111111>1-
1111, 111-1111111111111111 dopo 11 mia 1111111 111 1111-
11111111, 1111111111 11111 Principii! 1111111 11111111111111,
111111 subito. ·
(1111111111 11111111 Ι11111111111 11 111-11111111,
11111111111111 che 111111 111Ι 11111 che 111111111111111
ultimo 1111111 11 11111111. Gran 11111 1111111111111111111,
1111111111 che 111 11 11 11111111111111111111111 11111111.
cipe 1111111111,1111111 11111 11 forme. E 1111111111111
11 11111 1111 11111111 11 111111111111111,11111111 i’imae
gine 111111111111 11111111 111111 111 primo 11111111 11
11 1111111111 1111 maii di questo 1111111,11111111111111
1111111, eho 111111 11 11111111 1111 11 111111 11111111
qualche 1111111 potia 11 11111 1’ 1111Δ 1· 111 1 1’ 11111
1111111111111 1111111111 11111111 Ἰ11111111 111 111111

(11111111111 111111111111111 11111111 11111111111111 1 111111111111·
11111111111111111111111111, 11 11111111111111, 11111111111111 8. 11. (20-
11111, 1111111 1111111111111111111 11111111 1111111111111 11111111111 un

f giorno 11111 11· 11111 1111111111ίί, come memo 1111111 1111111111111111·

 

