11110 11111

11( {mmo

Da 111111, 2 Luqlo'o 1611 (1)
(A 11111111

(1Ιί 11 111111ςὶ1 (11 (11 “emplum 1 sumpt (11111 111 0111111111111, 1 si
11111111111111111111111111111.

1111111111 11 1111111111 11 VAS.. 1111111111 111111 11-
1111 11111 (1111111111 111 111 11111, (111 111111 1111111111
111111111111111111, 1 pugo 11111 N. 8. 111 11 1111111 1111111
1 1111111111 nuo. 811111 11111111111.5. 111111 molto
gusto 1 111111111111111 1111111111111111111 1111111 111111
1 111 quello 1111 mi 111 11111111111111111111111111,1111
11 1111111111, 1111111111 (1111111 por 1111111 1111111111
11 11111 111111, ohe 11111 questi 111111 11 (1111111111 11111,
,11111111 1111111 compendio (111 (1111111111, 11 quale
11111111 1111111 111 pub 11111 111111111111 1111111111 1
1111111111 1111111111 11111111 quanto 111 tutto ridenda 11
11111 11 1. S. 1111 1111111 (111111.8.111111111)1111111
ohe 11 111111111111111111 1. S. 111 imparato. 1111111111
(111111111111 11111 1111111111 11 (1111111111111111, 1 11
11111111 purte 1111111111 11 grande 11111111 1111 1111111,
11111 ὁ quello (111 11111111 11 11 questa (1111111, 1 quel
11111 1111 1111· 1111111 1111111111 11 1111Ιὶ 11111, nei quali

11111 111 1’ 11111 1111111111 111 11111111111111111111
111111 ho 111111 (11 1111.

E 11111 pi& 111 11 111111111111111 1111111111
11111111 11111111111111111 signer Principe cesi 111111-
11111 (111111111111 11111 ho dedicata 111111, non 11-
11111 111111 chi 111111 (1111111 11111111 11111111111111-

(1)111(1111.- 1188. (111, Por. 11, 1111. 1, 1111111111.

 

