inmun A 1111111110

nimico cusi

111111, 1 uano 1111 (1)

(Δ 11111111

Si 1111111111 del unitivo 11111 111 uiuite 11 6111111. (111 11111 111111 inte
1111111111, 1111111111 11111111 contro di 1111111111111111, dee
11111 111 1111,11 11111 111 menimentmi 11111111111111111. 111 mh
11111·ιί 1111111111111111111 Apelle 111 11 111111 0111111111 Subdu
1111111. Tm d’eltri'minuil 111111111ῐὶ, 111 libro 01 Coelo 11111111
moion, 1 111111111111111 11111 Antonini 1 111 hliuni 11 linaei.

- Nei 1111111 1111111111 11 V. S. 111111 1111111111
mie 1111111 11111111 11111111111111, ii 111 ,111 1111111111 ii·
111111111, 111111111111111111 111111111111 11111111 11
111111 11111111111111111,111111111 111 1111111111111,111 11·
11111 11111111,11111; 111 beu 11111111 111111 che 1111111
11111 1111111 desideri 1111111111 1111111111 11111 11111
1111111 vere 1111111, 1111111111 1’ 1111111111 11111111111111
. 11 1111111111. S. 01111 111111 11111111 111 11111111
1111111 11111111 11111111 1 11111111.

11 111. (1111111 11’ 111 1111111111 che 11 1111011111· x
11, 11111 111 11111 11 1111 11111111111111111,1’11111111
111 111111 1111111 1 risoluzione 1 1111111111111111111111
1 1111111111111111 1 111111111111,11111 1111111111111 11 Sei·
1111111, 1 111 11111111 111 (1111111111, 111 1111 11111 111
111111111 11111. 1111111111 111111 111111111111111111 111
11 1111111, 1 111111111111111 1111111111.

111111 qui in 111 11111111111111111 11 11111 11111111
(11111 11111111111111, 1111111 11 111111 11111111111111111
nome) 1111111111 111111 11111 111111111111111 11 11111-
1111, 111111111 111 1111 (111 111111111111111111111111111

(i) 11111111, 111111 111111 111111111111111111111,111. i, 1. 111, 1111·
reditione 11 11111111, li, 1. 117.-1181.(111.,1’11.11, Tem. 1, nequit

 

