111110 1611 173

11 cuma 1111111 1111111111 (1)

Da 11111111, 11 onom 1611 (2)

(Δ 11111111)

1111111111111111111111111111111111111111111111111111111111-
11111111111111111111111111111111111111111111111111111111-
m 11 Rimmon flodimle 11111 1111111111αώ 11111111
punio 111 ssohun, 11111 1111111411 1111111111.

11111111111 1111111111 V. S. 111 11111 1111111111 1ο-
term! vedere 1111111 11 111111 11 111111111111, 1111111111
111111111 1111111111 1111111111 11111111111111 1111· 11111111-
mu 111, 11 11 111111111111111111,11111111 11111 1111
11 11111111111111111 i! signore 1111111111 11 11111111,ι
1111111111 1111111, 11111 1111 1, 11 1111111111 1111111111 11 “
11111111111 11111 1 1111111111 111. 1111111111 11111 1111 1
111 111 111111 111111 11 mio particolar 111111111 11111111·
11111 11111 11111, 1 11 1111111111 1111111, 1111 me le
111111 111 11111 1111111, 11111111111111 1111· 1111111, 1111
ha 1111111 11111.

,.

111 m 11 1111111111, 11111 11 nome 11 1111111111, 11 11 11 Set·
1111111 im. -111111 1111 1111 111 (1111111 11 1111111 11 11111111 11 1111111

Ιι1ςω1111111111ι11111111111 11 Urbano Vffl, 1 111111111111111111111111111 >

1111111111 111111, 1111 11 , 1111111111 1111111 111 11 grande 1111111 fluo (111
111111 1111111111 111 1111111111 1111111 1111111111111111111111111111111111
hm 1111 fl 1111 11 1111111111 111 1 MSS. 11111111, 1111111 1111111111 11·
muno, 1111111111111111111111111111 111111 111 1111111 1111111111, 111111
1111111111111111111 11111111111111111111111111111, 1 11 11111111111111 11·

uu 11111111111111111111 1111111116111111,111 1111111111 smil* ,

111 11111111111111111111111 Breve 111 11 1 1111111 1111 11
(111111111111111111 11, 1 111 11111 1111111111111 1111111111 111111, 11111
111111 1111111111 111111 11111111111111.

1111111111.-1111.111..111. 1, Τ. 11, 1111111111. ι

-Qu—

 

