1000 1111 123

000 minor 00010010 0000001010, 00100 00 1’ 00001 1001111·
001011 010. 11001000 000 1011000, 000011 0000100001101010
0001000 010 Su· 1100011 1000000 10 0010000000 000110, egli
0011οι000 11 0100οο10000 10 000111, 1000010011 100110οῑ0 000·
0000000 0 000010 010110 1111011000 00011010 0100 000000, 0
11 mmm, 10010000 000 11111 100011 11 0000010 0 pm·
000000 11100011 000010 001000 000000 11 0001 000001, 0110
000011 01111000 (1),

10 0000000 10 100000100111 V. S. 0 0000010001 1000001
00101. tantum abest 0110 1000100 0111 0000001000, 0110 10 mu
11001100 10010, 010 0100001 000110 0001000010 10 110110,
,numo 0010 nummi 001251. nepum, 000 n 010 001·-
1000 00000 101 000010, 1000010011 0000 Kopion> 100000 000
00000011000001 0000100101 0001,010100 0001000100 0011000
100 111000 11 000000 (come 10 101101 por 000 0000001000·
0010 0001 1111011 010100 V. S. .

1100 0001001101. S. 000010 000001οι1οο0 00010 per 10
0001001000 0110 11 1000000000 00 1000 00000, per 000 110
0011110, 00001010 qualche 0001000011οο 110100000011 V. 8.,
0 00100 0000 1000 0 0001100000 per 000001 0011 0000 00-
000110 110110 00Ιί0100010 mi 100011 0000 0010 10110 1000010
01ιο 000110 1100 10 conversanum, essendo egli 00000 000
00000 0000001000 0100000001101000 00110 0011011011. 110 000
01 1000110 00000010 11 0010010100 00 0010110 (uio) 0001000100·
000 prem, 00010 0 010. Non 10 00000 1110100000 per 01100

0110 per 00 (11000001 1111110111, 0100 11 00110 001000 10
0000100, 0110100001000100 0010010 00 0110110. 1100 pole}
contenermi 001 000 partire 11 10000100011000010 0110110010
000 101, 0001 10 0010 0 0010. 0100 per mezzo 11 comuni 000101,
010000100Ιί 00010011 100110, 00 001000 0000100000 quello obe

(¹) 1000010 10110 0000000οιοι0 10 0010 0110 1011000 101110010110108 set·
*ΝΜ ⁴¹ 11011 ⁸⁰⁰⁰ 0 m- 111- 1101000100100 11 11001000 10000 0001 ml
111110, 00011001 1101000 000000 10001010 antiche 0000110010 10 0110010 10110011
1101 10001 a· m, 0. mogun 000 00010000.. 00000 ιι nu
11100 111 101 Tamo 1.

 

