1110 mmm A 61111110

Signat 1111. 111 1111111111111111111 amicitia 11111 ·
1111111 111 111 1111111 111 1111111,1111111111111111111111,
111 1111111, 1111 111111 11 111111111111111111111111111-
1111 111111 11 111111 11 1111111 111 111 gusto. 111 11111 11111
111 1111111 11 1111111 111111 11 11111111. 11111111111111·
1111 111. 11 111 11111 11 1111111111 11111111 1111 111 1111
11 11111111111 (1). · Ι

Quanto 111 1111 1111111111 11 (1111 1111111111111111111
111 1111111111, 11 va 1111111111111111111111111111-
11111 solo 11111111 1’111111111’111111 1111111111, 11111
1111111111 1111 111111 1111111111 (111111 1111111 11·
1111111111 111111111,111 1111111 111111. Non 1111111. S.
1111111111111111111111 proposito, 1111 11 1111111 111

11111 8111111111 1111111 1Ιί 8111111Ιί 11111111 1111111111

(1) 11 1111111, 11111 1111111 1 1111111111 11 111111111111111111101·
1111, 111111 11111111( (1111111 11 1111111 1111111 1111111111 11111111 11’ 1111
11111111 111111111111111111,11111111111111 111111 11111111 11 111. 1. 11111
11111 1.

(111111111111111. duumviro 11 Augusta, 111 11 11111, 1 1111, 11111·
11111111111111 111* 1111111111 111 smum 11111111, 111111111, 11111 11111111
11 111 111 1111111 11 Cluvio, 111 tardo 1111111 111 111111 mmm (111·
1111 Ρ. 1, 111. 111) 3 111 111111 11 su 11111111, 1111111 111 111 111 1111111
1111111111τὶ, ’1 111 1111 111111111111111111111 11 (1111111, 11 11111 1 111 11·
11111 11111 1111111111 11111111 1111111 11111 11111111 111111. 111111 111 111111
11111111111111111111111 11111111 111 1111111 1111 111111 1111111111 1111111
11111 11 1111111111 1111, 1111111111 [11 11111111111 1 1111111111 111111 1111111
(11111111. 111) 1

1111111 1111111 11 V. 1. n. 11111111111111 11 1111111111 111 111111
1 11111111 11· 11111111 1111111111 111. 11111111 11111 11 11111111 61111, 11-
1 111111 111111. 1111111 111111, 111 1111111 1111111111 1111111111111, 11
1111111 1111111 1111111111 11111111. 1111111111111 11111 1111 nh 111·
»1111111 11 111111 111111 111 11111111,1 1111 1111 1111111111 11 11111
1 1111111 111111111111111111111111111. 01111111 1111 11 1111111111 1111·
»111111 111111111111111111111,11111111111 11111 11 1111111 111 11111,
»1111 111 111111 mezzo 11 11 111111111111111 11111 11111 11 1111 11
1 111 1111111111,11111111111111111 11111111, 11111111 11 111111, 1111 11111
1111111111111 11111111111111111 1111111111 1111111111 1.

11111111 111 1111111 11 111111111111111111 11 11111111 11 11111111,
111 11111111 1111 (11.11. 111. 111) 1111111111 Vivat 1111111, 1 111 111111
1111111 111 111111111 questo 11111 11 111111 111111 11 11111 preterire 111
n 1111111111111111111111111111 11 11111 1111111111. 111111111 111111111111
111111111111111111111111 111 1111 11 11111 111111, 111 111111 1111111
11 1111111111 1111111111, 11111 11’ 111111· 11111, 1111 11111 1111111 11111111·

11111 111111. ⁴ 1

 

